Time (seconds),pred_0
62940.00000,0.58015
62950.00000,0.58571
62960.00000,0.58065
62970.00000,0.57978
62980.00000,0.57396
62990.00000,0.57248
63000.00000,0.58041
63010.00000,0.57186
63020.00000,0.57978
63030.00000,0.58088
63040.00000,0.58505
63050.00000,0.58414
63060.00000,0.57925
63070.00000,0.58661
63080.00000,0.58079
63090.00000,0.58102
63100.00000,0.58940
63110.00000,0.58558
63120.00000,0.58058
63130.00000,0.58431
63140.00000,0.58998
63150.00000,0.58150
63160.00000,0.58601
63170.00000,0.58089
63180.00000,0.58477
63190.00000,0.59159
63200.00000,0.58590
63210.00000,0.58436
63220.00000,0.58530
63230.00000,0.58441
63240.00000,0.58494
63250.00000,0.58446
63260.00000,0.58528
63270.00000,0.58633
63280.00000,0.69947
63290.00000,0.70684
63300.00000,0.70811
63310.00000,0.72019
63320.00000,0.72199
63330.00000,0.71028
63340.00000,0.73685
63350.00000,0.72414
63360.00000,0.73400
63370.00000,0.74267
63380.00000,0.74014
63390.00000,0.74999
63400.00000,0.75441
63410.00000,0.74875
63420.00000,0.76232
63430.00000,0.76324
63440.00000,0.76306
63450.00000,0.76503
63460.00000,0.77812
63470.00000,0.77115
63480.00000,0.75924
63490.00000,0.78046
63500.00000,0.77959
63510.00000,0.79331
63520.00000,0.77950
63530.00000,0.78386
63540.00000,0.79250
63550.00000,0.78565
63560.00000,0.79829
63570.00000,0.77760
63580.00000,0.79149
63590.00000,0.79952
63600.00000,0.79173
63610.00000,0.79927
63620.00000,0.78931
63630.00000,0.80755
63640.00000,0.78342
63650.00000,0.78992
63660.00000,0.78480
63670.00000,0.79337
63680.00000,0.79736
63690.00000,0.81360
63700.00000,0.80928
63710.00000,0.80189
63720.00000,0.80008
63730.00000,0.80245
63740.00000,0.77586
63750.00000,0.80770
63760.00000,0.80982
63770.00000,0.82369
63780.00000,0.81020
63790.00000,0.80744
63800.00000,0.82576
63810.00000,0.80582
63820.00000,0.81475
63830.00000,0.80119
63840.00000,0.81356
63850.00000,0.81513
63860.00000,0.81068
63870.00000,0.83222
63880.00000,0.66515
63890.00000,0.64698
63900.00000,0.63633
63910.00000,0.62327
63920.00000,0.62315
63930.00000,0.61034
63940.00000,0.61053
63950.00000,0.60063
63960.00000,0.60078
63970.00000,0.59390
63980.00000,0.58888
63990.00000,0.58888
64000.00000,0.58388
64010.00000,0.58420
64020.00000,0.57638
64030.00000,0.57645
64040.00000,0.57195
64050.00000,0.57682
64060.00000,0.57196
64070.00000,0.57132
64080.00000,0.56455
64090.00000,0.55953
64100.00000,0.55975
64110.00000,0.56437
64120.00000,0.55943
64130.00000,0.55987
64140.00000,0.55957
64150.00000,0.55460
64160.00000,0.55478
64170.00000,0.55510
64180.00000,0.55478
64190.00000,0.55446
64200.00000,0.55446
64210.00000,0.55510
64220.00000,0.55472
64230.00000,0.55973
64240.00000,0.54724
64250.00000,0.54233
64260.00000,0.54749
64270.00000,0.54244
64280.00000,0.54710
64290.00000,0.55458
64300.00000,0.54744
64310.00000,0.54250
64320.00000,0.54227
64330.00000,0.54703
64340.00000,0.54247
64350.00000,0.54258
64360.00000,0.54755
64370.00000,0.54206
64380.00000,0.54261
64390.00000,0.54245
64400.00000,0.54266
64410.00000,0.54710
64420.00000,0.54238
64430.00000,0.54249
64440.00000,0.54249
64450.00000,0.54225
64460.00000,0.54247
64470.00000,0.54248
64480.00000,0.66881
64490.00000,0.67013
64500.00000,0.67741
64510.00000,0.67488
64520.00000,0.68968
64530.00000,0.69668
64540.00000,0.69002
64550.00000,0.68916
64560.00000,0.69334
64570.00000,0.69181
64580.00000,0.69342
64590.00000,0.70228
64600.00000,0.70903
64610.00000,0.71787
64620.00000,0.71066
64630.00000,0.71332
64640.00000,0.71872
64650.00000,0.72313
64660.00000,0.72034
64670.00000,0.72089
64680.00000,0.72068
64690.00000,0.72574
64700.00000,0.73746
64710.00000,0.72280
64720.00000,0.73271
64730.00000,0.73105
64740.00000,0.71725
64750.00000,0.73545
64760.00000,0.72437
64770.00000,0.73413
64780.00000,0.73475
64790.00000,0.73856
64800.00000,0.73323
64810.00000,0.73161
64820.00000,0.73826
64830.00000,0.74116
64840.00000,0.74002
64850.00000,0.73732
64860.00000,0.73475
64870.00000,0.73239
64880.00000,0.74186
64890.00000,0.74417
64900.00000,0.73906
64910.00000,0.73780
64920.00000,0.73248
64930.00000,0.73854
64940.00000,0.73413
64950.00000,0.73976
64960.00000,0.73855
64970.00000,0.74675
64980.00000,0.74388
64990.00000,0.74414
65000.00000,0.74419
65010.00000,0.74346
65020.00000,0.73778
65030.00000,0.75115
65040.00000,0.75507
65050.00000,0.75293
65060.00000,0.74450
65070.00000,0.74341
65080.00000,0.59263
65090.00000,0.57381
65100.00000,0.56233
65110.00000,0.54798
65120.00000,0.54798
65130.00000,0.54803
65140.00000,0.54224
65150.00000,0.52827
65160.00000,0.53383
65170.00000,0.52284
65180.00000,0.52833
65190.00000,0.52839
65200.00000,0.51460
65210.00000,0.50911
65220.00000,0.51460
65230.00000,0.51460
65240.00000,0.50087
65250.00000,0.50087
65260.00000,0.50917
65270.00000,0.49538
65280.00000,0.50087
65290.00000,0.50911
65300.00000,0.49538
65310.00000,0.49532
65320.00000,0.49538
65330.00000,0.48982
65340.00000,0.48989
65350.00000,0.48989
65360.00000,0.48989
65370.00000,0.48165
65380.00000,0.48982
65390.00000,0.48989
65400.00000,0.48165
65410.00000,0.47616
65420.00000,0.48165
65430.00000,0.48159
65440.00000,0.48165
65450.00000,0.47616
65460.00000,0.48165
65470.00000,0.47616
65480.00000,0.47060
65490.00000,0.47066
65500.00000,0.47072
65510.00000,0.47066
65520.00000,0.47060
65530.00000,0.47066
65540.00000,0.46242
65550.00000,0.46242
65560.00000,0.46242
65570.00000,0.45693
65580.00000,0.46249
65590.00000,0.45693
65600.00000,0.45693
65610.00000,0.45693
65620.00000,0.45150
65630.00000,0.45150
65640.00000,0.44335
65650.00000,0.45144
65660.00000,0.45144
65670.00000,0.45693
65680.00000,0.45144
65690.00000,0.44335
65700.00000,0.44335
65710.00000,0.44335
65720.00000,0.43806
65730.00000,0.44335
65740.00000,0.43277
65750.00000,0.42484
65760.00000,0.43277
65770.00000,0.43277
65780.00000,0.43806
65790.00000,0.43277
65800.00000,0.43277
65810.00000,0.43806
65820.00000,0.42484
65830.00000,0.42484
65840.00000,0.42484
65850.00000,0.42484
65860.00000,0.41955
65870.00000,0.41955
65880.00000,0.41955
65890.00000,0.41955
65900.00000,0.41955
65910.00000,0.41955
65920.00000,0.41955
65930.00000,0.41955
65940.00000,0.41433
65950.00000,0.41433
65960.00000,0.41433
65970.00000,0.41433
65980.00000,0.41433
65990.00000,0.41433
66000.00000,0.41433
66010.00000,0.40652
66020.00000,0.41433
66030.00000,0.41433
66040.00000,0.40131
66050.00000,0.40131
66060.00000,0.40131
66070.00000,0.40652
66080.00000,0.41433
66090.00000,0.40652
66100.00000,0.40131
66110.00000,0.40131
66120.00000,0.40138
66130.00000,0.40131
66140.00000,0.39611
66150.00000,0.39604
66160.00000,0.38830
66170.00000,0.39611
66180.00000,0.38830
66190.00000,0.39611
66200.00000,0.39618
66210.00000,0.39611
66220.00000,0.38830
66230.00000,0.39611
66240.00000,0.39618
66250.00000,0.38830
66260.00000,0.38309
66270.00000,0.38830
66280.00000,0.38309
66290.00000,0.38309
66300.00000,0.38309
66310.00000,0.38309
66320.00000,0.37788
66330.00000,0.37788
66340.00000,0.38316
66350.00000,0.37788
66360.00000,0.37788
66370.00000,0.37000
66380.00000,0.37788
66390.00000,0.37788
66400.00000,0.37788
66410.00000,0.37007
66420.00000,0.37007
66430.00000,0.37788
66440.00000,0.37007
66450.00000,0.37795
66460.00000,0.37788
66470.00000,0.37014
66480.00000,0.37788
66490.00000,0.37007
66500.00000,0.36487
66510.00000,0.36487
66520.00000,0.36487
66530.00000,0.36487
66540.00000,0.36487
66550.00000,0.36487
66560.00000,0.35706
66570.00000,0.35706
66580.00000,0.35706
66590.00000,0.36487
66600.00000,0.36487
66610.00000,0.35706
66620.00000,0.35706
66630.00000,0.35706
66640.00000,0.35706
66650.00000,0.35185
66660.00000,0.35185
66670.00000,0.35192
66680.00000,0.35185
66690.00000,0.35185
66700.00000,0.35185
66710.00000,0.35706
66720.00000,0.35185
66730.00000,0.34671
66740.00000,0.34664
66750.00000,0.35185
66760.00000,0.34664
66770.00000,0.34664
66780.00000,0.34664
66790.00000,0.34664
66800.00000,0.33883
66810.00000,0.34664
66820.00000,0.33883
66830.00000,0.33883
66840.00000,0.33883
66850.00000,0.33883
66860.00000,0.33883
66870.00000,0.33363
66880.00000,0.33883
66890.00000,0.53315
66900.00000,0.53183
66910.00000,0.51892
66920.00000,0.57149
66930.00000,0.54289
66940.00000,0.55558
66950.00000,0.59228
66960.00000,0.59598
66970.00000,0.64275
66980.00000,0.63519
66990.00000,0.62488
67000.00000,0.67974
67010.00000,0.67163
67020.00000,0.68894
67030.00000,0.70106
67040.00000,0.69422
67050.00000,0.71014
67060.00000,0.71698
67070.00000,0.71739
67080.00000,0.70484
67090.00000,0.72141
67100.00000,0.69889
67110.00000,0.75221
67120.00000,0.72130
