Time (seconds),pred_0
25200.00000,0.13851
25210.00000,0.13851
25220.00000,0.13851
25230.00000,0.13851
25240.00000,0.13851
25250.00000,0.13397
25260.00000,0.13851
25270.00000,0.13851
25280.00000,0.13397
25290.00000,0.13851
25300.00000,0.13397
25310.00000,0.13851
25320.00000,0.13397
25330.00000,0.13851
25340.00000,0.13397
25350.00000,0.13851
25360.00000,0.13397
25370.00000,0.13851
25380.00000,0.13851
25390.00000,0.13851
25400.00000,0.13851
25410.00000,0.13851
25420.00000,0.13851
25430.00000,0.13397
25440.00000,0.13397
25450.00000,0.13851
25460.00000,0.13397
25470.00000,0.13851
25480.00000,0.13851
25490.00000,0.13851
25500.00000,0.13851
25510.00000,0.13851
25520.00000,0.13851
25530.00000,0.13397
25540.00000,0.13851
25550.00000,0.13397
25560.00000,0.13851
25570.00000,0.13397
25580.00000,0.13397
25590.00000,0.13397
25600.00000,0.13397
25610.00000,0.13851
25620.00000,0.13397
25630.00000,0.13397
25640.00000,0.13851
25650.00000,0.13397
25660.00000,0.13851
25670.00000,0.13851
25680.00000,0.13851
25690.00000,0.13397
25700.00000,0.13851
25710.00000,0.13851
25720.00000,0.13397
25730.00000,0.13851
25740.00000,0.13851
25750.00000,0.13397
25760.00000,0.13397
25770.00000,0.13397
25780.00000,0.13397
25790.00000,0.13397
25800.00000,0.13397
25810.00000,0.13397
25820.00000,0.13397
25830.00000,0.13851
25840.00000,0.13851
25850.00000,0.13397
25860.00000,0.13851
25870.00000,0.13397
25880.00000,0.13851
25890.00000,0.13851
25900.00000,0.13397
25910.00000,0.13397
25920.00000,0.13397
25930.00000,0.13397
25940.00000,0.13397
25950.00000,0.13851
25960.00000,0.13397
25970.00000,0.12801
25980.00000,0.13397
25990.00000,0.12801
26000.00000,0.13397
26010.00000,0.13397
26020.00000,0.12801
26030.00000,0.13397
26040.00000,0.13397
26050.00000,0.13397
26060.00000,0.13397
26070.00000,0.13397
26080.00000,0.13397
26090.00000,0.13397
26100.00000,0.12801
26110.00000,0.13397
26120.00000,0.13397
26130.00000,0.13397
26140.00000,0.12801
26150.00000,0.12801
26160.00000,0.13397
26170.00000,0.13851
26180.00000,0.13397
26190.00000,0.12801
26200.00000,0.12801
26210.00000,0.12801
26220.00000,0.13397
26230.00000,0.13397
26240.00000,0.13397
26250.00000,0.13851
26260.00000,0.13397
26270.00000,0.13397
26280.00000,0.12801
26290.00000,0.13397
26300.00000,0.13851
26310.00000,0.13397
26320.00000,0.13397
26330.00000,0.13397
26340.00000,0.13397
26350.00000,0.12801
26360.00000,0.13397
26370.00000,0.13397
26380.00000,0.13397
26390.00000,0.13397
26400.00000,0.13397
26410.00000,0.12801
26420.00000,0.13397
26430.00000,0.13397
26440.00000,0.13397
26450.00000,0.13397
26460.00000,0.12801
26470.00000,0.12801
26480.00000,0.13397
26490.00000,0.12801
26500.00000,0.13397
26510.00000,0.12801
26520.00000,0.13397
26530.00000,0.13397
26540.00000,0.13397
26550.00000,0.13398
26560.00000,0.13397
26570.00000,0.13397
26580.00000,0.13397
26590.00000,0.13397
26600.00000,0.13397
26610.00000,0.13851
26620.00000,0.13851
26630.00000,0.13397
26640.00000,0.13397
26650.00000,0.13397
26660.00000,0.13397
26670.00000,0.13397
26680.00000,0.13397
26690.00000,0.13397
26700.00000,0.13397
26710.00000,0.12801
26720.00000,0.13397
26730.00000,0.12801
26740.00000,0.13397
26750.00000,0.12801
26760.00000,0.12801
26770.00000,0.13397
26780.00000,0.12801
26790.00000,0.13397
26800.00000,0.13397
26810.00000,0.13397
26820.00000,0.12801
26830.00000,0.13397
26840.00000,0.13397
26850.00000,0.13397
26860.00000,0.12801
26870.00000,0.13397
26880.00000,0.13397
26890.00000,0.13397
26900.00000,0.13397
26910.00000,0.12801
26920.00000,0.13397
26930.00000,0.13397
26940.00000,0.13397
26950.00000,0.13851
26960.00000,0.13397
26970.00000,0.13397
26980.00000,0.13397
26990.00000,0.13397
27000.00000,0.12801
27010.00000,0.13397
27020.00000,0.13397
27030.00000,0.12801
27040.00000,0.13397
27050.00000,0.13397
27060.00000,0.12801
27070.00000,0.12801
27080.00000,0.12801
27090.00000,0.13397
27100.00000,0.13397
27110.00000,0.13397
27120.00000,0.13397
27130.00000,0.12801
27140.00000,0.12801
27150.00000,0.12801
27160.00000,0.12801
27170.00000,0.13397
27180.00000,0.13397
27190.00000,0.13397
27200.00000,0.13397
27210.00000,0.13397
27220.00000,0.13397
27230.00000,0.13397
27240.00000,0.13851
27250.00000,0.13397
27260.00000,0.13397
27270.00000,0.13397
27280.00000,0.13397
27290.00000,0.12801
27300.00000,0.13397
27310.00000,0.13397
27320.00000,0.13397
27330.00000,0.12801
27340.00000,0.13397
27350.00000,0.13397
27360.00000,0.12801
27370.00000,0.13397
27380.00000,0.13397
27390.00000,0.13397
27400.00000,0.13397
27410.00000,0.13397
27420.00000,0.13397
27430.00000,0.13397
27440.00000,0.13397
27450.00000,0.13397
27460.00000,0.13397
27470.00000,0.13397
27480.00000,0.13397
27490.00000,0.13397
27500.00000,0.12801
27510.00000,0.12801
27520.00000,0.13397
27530.00000,0.13397
27540.00000,0.12801
27550.00000,0.13397
27560.00000,0.13397
27570.00000,0.12801
27580.00000,0.13397
27590.00000,0.12801
27600.00000,0.13397
27610.00000,0.12801
27620.00000,0.12801
27630.00000,0.13397
27640.00000,0.13397
27650.00000,0.13397
27660.00000,0.13397
27670.00000,0.13397
27680.00000,0.13397
27690.00000,0.13851
27700.00000,0.13397
27710.00000,0.13397
27720.00000,0.12801
27730.00000,0.13397
27740.00000,0.13397
27750.00000,0.13397
27760.00000,0.13397
27770.00000,0.12801
27780.00000,0.13397
27790.00000,0.12801
27800.00000,0.12801
27810.00000,0.12801
27820.00000,0.13397
27830.00000,0.13397
27840.00000,0.12801
27850.00000,0.13397
27860.00000,0.13397
27870.00000,0.12801
27880.00000,0.13397
27890.00000,0.13397
27900.00000,0.12801
27910.00000,0.13397
27920.00000,0.12801
27930.00000,0.13397
27940.00000,0.13397
27950.00000,0.12801
27960.00000,0.13397
27970.00000,0.13397
27980.00000,0.12801
27990.00000,0.12801
28000.00000,0.12801
28010.00000,0.13397
28020.00000,0.13397
28030.00000,0.13397
28040.00000,0.12801
28050.00000,0.13397
28060.00000,0.13397
28070.00000,0.13397
28080.00000,0.13397
28090.00000,0.13397
28100.00000,0.13397
28110.00000,0.13397
28120.00000,0.12801
28130.00000,0.12801
28140.00000,0.13397
28150.00000,0.13397
28160.00000,0.13397
28170.00000,0.12801
28180.00000,0.13397
28190.00000,0.13397
28200.00000,0.13397
28210.00000,0.12801
28220.00000,0.12801
28230.00000,0.13397
28240.00000,0.12801
28250.00000,0.13851
28260.00000,0.12801
28270.00000,0.13397
28280.00000,0.12801
28290.00000,0.13397
28300.00000,0.12801
28310.00000,0.13397
28320.00000,0.12801
28330.00000,0.13397
28340.00000,0.12801
28350.00000,0.13397
28360.00000,0.12801
28370.00000,0.12801
28380.00000,0.12801
28390.00000,0.13397
28400.00000,0.13397
28410.00000,0.13397
28420.00000,0.13397
28430.00000,0.13397
28440.00000,0.12801
28450.00000,0.13397
28460.00000,0.12801
28470.00000,0.12801
28480.00000,0.13851
28490.00000,0.12801
28500.00000,0.13397
28510.00000,0.12801
28520.00000,0.12801
28530.00000,0.12801
28540.00000,0.12801
28550.00000,0.13397
28560.00000,0.12801
28570.00000,0.12435
28580.00000,0.12801
28590.00000,0.13397
28600.00000,0.13398
28610.00000,0.12801
28620.00000,0.12801
28630.00000,0.12801
28640.00000,0.12435
28650.00000,0.12801
28660.00000,0.12801
28670.00000,0.12801
28680.00000,0.12801
28690.00000,0.12801
28700.00000,0.13397
28710.00000,0.13397
28720.00000,0.12801
28730.00000,0.12801
28740.00000,0.12435
28750.00000,0.13397
28760.00000,0.13397
28770.00000,0.12801
28780.00000,0.12801
28790.00000,0.12801
28800.00000,0.13397
28810.00000,0.12801
28820.00000,0.13397
28830.00000,0.12435
28840.00000,0.13397
28850.00000,0.12801
28860.00000,0.12801
28870.00000,0.12801
28880.00000,0.12801
28890.00000,0.13397
28900.00000,0.12801
28910.00000,0.12801
28920.00000,0.12801
28930.00000,0.13851
28940.00000,0.12435
28950.00000,0.13397
28960.00000,0.13397
28970.00000,0.12801
28980.00000,0.13397
28990.00000,0.12801
29000.00000,0.12801
29010.00000,0.12801
29020.00000,0.13397
29030.00000,0.13397
29040.00000,0.12801
29050.00000,0.12801
29060.00000,0.12801
29070.00000,0.12801
29080.00000,0.12801
29090.00000,0.12435
29100.00000,0.13397
29110.00000,0.12801
29120.00000,0.12801
29130.00000,0.12801
29140.00000,0.12801
29150.00000,0.13397
29160.00000,0.12801
29170.00000,0.12801
29180.00000,0.12801
29190.00000,0.12801
29200.00000,0.13398
29210.00000,0.12801
29220.00000,0.12801
29230.00000,0.12801
29240.00000,0.12435
29250.00000,0.12801
29260.00000,0.12801
29270.00000,0.12801
29280.00000,0.13397
29290.00000,0.12801
29300.00000,0.12801
29310.00000,0.12801
29320.00000,0.12801
29330.00000,0.13397
29340.00000,0.13397
29350.00000,0.12801
29360.00000,0.13397
29370.00000,0.12801
29380.00000,0.13397
29390.00000,0.12801
