Time (seconds), abs_residuals
71320.0000000,0.0296273
71330.0000000,0.0286523
71340.0000000,0.0055802
71350.0000000,0.0120919
71360.0000000,0.0158559
71370.0000000,0.0257214
71380.0000000,0.0581816
71390.0000000,0.0507979
71400.0000000,0.0160268
71410.0000000,0.0052024
71420.0000000,0.0146005
71430.0000000,0.0537243
71440.0000000,0.0512048
71450.0000000,0.0037917
71460.0000000,0.0185024
71470.0000000,0.0090041
71480.0000000,0.0050628
71490.0000000,0.0161431
71500.0000000,0.0179820
71510.0000000,0.0448501
71520.0000000,0.0370661
71530.0000000,0.0068848
71540.0000000,0.0138244
71550.0000000,0.0199204
71560.0000000,0.0110805
71570.0000000,0.0210792
71580.0000000,0.0122102
71590.0000000,0.0466368
71600.0000000,0.0266259
71610.0000000,0.0075178
71620.0000000,0.0094574
71630.0000000,0.0288823
71640.0000000,0.0319592
71650.0000000,0.0153278
71660.0000000,0.0354778
71670.0000000,0.0091307
71680.0000000,0.0047750
71690.0000000,0.0000145
71700.0000000,0.0184141
71710.0000000,0.0039759
71720.0000000,0.0187341
71730.0000000,0.0106703
71740.0000000,0.0075563
71750.0000000,0.0090553
71760.0000000,0.0057704
71770.0000000,0.0102174
71780.0000000,0.0103309
71790.0000000,0.0112468
71800.0000000,0.0418962
71810.0000000,0.0138428
71820.0000000,0.0166928
71830.0000000,0.0127038
71840.0000000,0.0082856
71850.0000000,0.0252405
71860.0000000,0.0003534
71870.0000000,0.0435102
71880.0000000,0.0091490
71890.0000000,0.0361717
71900.0000000,0.0083821
71910.0000000,0.0280964
71920.0000000,0.0212721
71930.0000000,0.0161723
71940.0000000,0.0193196
71950.0000000,0.0049519
71960.0000000,0.0212968
71970.0000000,0.0048140
71980.0000000,0.0409216
71990.0000000,0.0085335
72000.0000000,0.0414156
72010.0000000,0.0004537
72020.0000000,0.0358164
72030.0000000,0.0214224
72040.0000000,0.0339872
72050.0000000,0.0098571
72060.0000000,0.0078951
72070.0000000,0.0068821
72080.0000000,0.0034653
72090.0000000,0.0041504
72100.0000000,0.0124983
72110.0000000,0.0187488
72120.0000000,0.0450412
72130.0000000,0.0096100
72140.0000000,0.0352135
72150.0000000,0.0089006
72160.0000000,0.0222108
72170.0000000,0.0377635
72180.0000000,0.0055222
72190.0000000,0.0379487
72200.0000000,0.0188113
72210.0000000,0.0188019
72220.0000000,0.0002430
72230.0000000,0.0321656
72240.0000000,0.0239362
72250.0000000,0.0322914
72260.0000000,0.0105034
72270.0000000,0.0527632
72280.0000000,0.0195654
72290.0000000,0.0023194
72300.0000000,0.0447150
72310.0000000,0.0332465
72320.0000000,0.0503841
72330.0000000,0.0477890
72340.0000000,0.0000256
72350.0000000,0.0133155
72360.0000000,0.0327416
72370.0000000,0.0142999
72380.0000000,0.0065425
72390.0000000,0.0268218
72400.0000000,0.0000356
72410.0000000,0.0239062
72420.0000000,0.0373454
72430.0000000,0.0052960
72440.0000000,0.0287662
72450.0000000,0.0065931
72460.0000000,0.0007512
72470.0000000,0.0283667
72480.0000000,0.0007946
72490.0000000,0.0330345
72500.0000000,0.0136720
72510.0000000,0.0129430
72520.0000000,0.0452339
72530.0000000,0.0136946
72540.0000000,0.0233625
72550.0000000,0.0016064
72560.0000000,0.0077762
72570.0000000,0.0173165
72580.0000000,0.0024013
72590.0000000,0.0453443
72600.0000000,0.0064721
72610.0000000,0.0290632
72620.0000000,0.0164331
72630.0000000,0.0364616
72640.0000000,0.0082485
72650.0000000,0.0059094
72660.0000000,0.0069137
72670.0000000,0.0347692
72680.0000000,0.0108947
72690.0000000,0.0163653
72700.0000000,0.0025196
72710.0000000,0.0353641
72720.0000000,0.0115208
72730.0000000,0.0213982
72740.0000000,0.0170650
72750.0000000,0.0318533
72760.0000000,0.0132772
72770.0000000,0.0029197
72780.0000000,0.0067959
72790.0000000,0.0152886
72800.0000000,0.0123331
72810.0000000,0.0192451
72820.0000000,0.0061305
72830.0000000,0.0398385
72840.0000000,0.0150626
72850.0000000,0.0134388
72860.0000000,0.0398086
72870.0000000,0.0079983
72880.0000000,0.0081762
72890.0000000,0.0017348
72900.0000000,0.0056143
72910.0000000,0.0204060
72920.0000000,0.0571187
72930.0000000,0.0582460
72940.0000000,0.0437921
72950.0000000,0.0671595
72960.0000000,0.0294661
72970.0000000,0.0245702
72980.0000000,0.0327578
72990.0000000,0.0372734
73000.0000000,0.0058060
73010.0000000,0.0180982
73020.0000000,0.0041525
73030.0000000,0.0085189
73040.0000000,0.0187330
73050.0000000,0.0052706
73060.0000000,0.0331221
73070.0000000,0.0188630
73080.0000000,0.0137888
73090.0000000,0.0192942
73100.0000000,0.0233835
73110.0000000,0.0190909
73120.0000000,0.0144663
73130.0000000,0.0029119
73140.0000000,0.0144721
73150.0000000,0.0047719
73160.0000000,0.0046732
73170.0000000,0.0125120
73180.0000000,0.0364545
73190.0000000,0.0382819
73200.0000000,0.0092880
73210.0000000,0.0143922
73220.0000000,0.0032985
73230.0000000,0.0144212
73240.0000000,0.0113390
73250.0000000,0.0077434
73260.0000000,0.0077161
73270.0000000,0.0175766
73280.0000000,0.0365748
73290.0000000,0.0176724
73300.0000000,0.0180412
73310.0000000,0.0037871
73320.0000000,0.0059999
73330.0000000,0.0058517
73340.0000000,0.0032275
73350.0000000,0.0063254
73360.0000000,0.0077404
73370.0000000,0.0008944
73380.0000000,0.0223726
73390.0000000,0.0129565
73400.0000000,0.0082628
73410.0000000,0.0365067
73420.0000000,0.0054278
73430.0000000,0.0177153
73440.0000000,0.0009586
73450.0000000,0.0083276
73460.0000000,0.0132566
73470.0000000,0.0057425
73480.0000000,0.0466861
73490.0000000,0.0061525
73500.0000000,0.0129836
73510.0000000,0.0279096
73520.0000000,0.0481949
73530.0000000,0.0386255
73540.0000000,0.0338408
73550.0000000,0.0347962
73560.0000000,0.0252769
73570.0000000,0.0357517
73580.0000000,0.0357480
73590.0000000,0.0300079
73600.0000000,0.0357480
73610.0000000,0.0204385
73620.0000000,0.0204385
73630.0000000,0.0213939
73640.0000000,0.0271340
73650.0000000,0.0223493
73660.0000000,0.0175647
73670.0000000,0.0127800
73680.0000000,0.0127800
73690.0000000,0.0211972
73700.0000000,0.0164125
73710.0000000,0.0079953
73720.0000000,0.0116278
73730.0000000,0.0219078
73740.0000000,0.0123385
73750.0000000,0.0219078
73760.0000000,0.0178308
73770.0000000,0.0123385
73780.0000000,0.0075538
73790.0000000,0.0075538
73800.0000000,0.0212229
73810.0000000,0.0130461
73820.0000000,0.0069304
73830.0000000,0.0082614
73840.0000000,0.0164998
73850.0000000,0.0116535
73860.0000000,0.0117151
73870.0000000,0.0254457
73880.0000000,0.0124227
73890.0000000,0.0172074
73900.0000000,0.0124227
73910.0000000,0.0124227
73920.0000000,0.0206610
73930.0000000,0.0124227
73940.0000000,0.0110916
73950.0000000,0.0213686
73960.0000000,0.0165839
73970.0000000,0.0158763
73980.0000000,0.0213686
73990.0000000,0.0220146
74000.0000000,0.0220146
74010.0000000,0.0172914
74020.0000000,0.0255298
74030.0000000,0.0172914
74040.0000000,0.0220146
74050.0000000,0.0255298
74060.0000000,0.0158988
74070.0000000,0.0207451
74080.0000000,0.0158988
74090.0000000,0.0159604
74100.0000000,0.0214526
74110.0000000,0.0159604
74120.0000000,0.0221602
74130.0000000,0.0166064
74140.0000000,0.0173755
74150.0000000,0.0173755
74160.0000000,0.0256138
74170.0000000,0.0173755
74180.0000000,0.0125908
74190.0000000,0.0125908
74200.0000000,0.0159829
74210.0000000,0.0208291
74220.0000000,0.0208291
74230.0000000,0.0160444
74240.0000000,0.0215368
74250.0000000,0.0215368
74260.0000000,0.0160444
74270.0000000,0.0112598
74280.0000000,0.0215368
74290.0000000,0.0222410
74300.0000000,0.0222410
74310.0000000,0.0174563
74320.0000000,0.0174563
74330.0000000,0.0126716
74340.0000000,0.0206959
74350.0000000,0.0207615
74360.0000000,0.0174563
74370.0000000,0.0207615
74380.0000000,0.0207615
74390.0000000,0.0078869
74400.0000000,0.0111921
74410.0000000,0.0159768
74420.0000000,0.0217734
74430.0000000,0.0164829
74440.0000000,0.0212676
74450.0000000,0.0164829
74460.0000000,0.0164829
74470.0000000,0.0116982
74480.0000000,0.0069135
74490.0000000,0.0164829
74500.0000000,0.0169887
74510.0000000,0.0169887
74520.0000000,0.0169887
74530.0000000,0.0201399
74540.0000000,0.0201399
74550.0000000,0.0122040
74560.0000000,0.0201399
74570.0000000,0.0153553
74580.0000000,0.0153553
74590.0000000,0.0158612
74600.0000000,0.0105706
74610.0000000,0.0158612
74620.0000000,0.0158612
74630.0000000,0.0210761
74640.0000000,0.0110765
74650.0000000,0.0110765
74660.0000000,0.0115067
74670.0000000,0.0193169
74680.0000000,0.0115067
74690.0000000,0.0115067
74700.0000000,0.0193169
74710.0000000,0.0193169
74720.0000000,0.0193169
74730.0000000,0.0193169
74740.0000000,0.0019374
74750.0000000,0.0019374
74760.0000000,0.0019374
74770.0000000,0.0028473
74780.0000000,0.0144621
74790.0000000,0.0149543
74800.0000000,0.0153764
74810.0000000,0.0149543
74820.0000000,0.0149543
74830.0000000,0.0153764
74840.0000000,0.0149543
74850.0000000,0.0101696
74860.0000000,0.0101696
74870.0000000,0.0101696
74880.0000000,0.0153764
74890.0000000,0.0053849
74900.0000000,0.0105917
74910.0000000,0.0105917
74920.0000000,0.0184018
74930.0000000,0.0010223
74940.0000000,0.0058070
74950.0000000,0.0136172
74960.0000000,0.0136172
74970.0000000,0.0136172
74980.0000000,0.0136172
74990.0000000,0.0140392
75000.0000000,0.0140392
75010.0000000,0.0140392
75020.0000000,0.0092545
75030.0000000,0.0140392
75040.0000000,0.0044698
75050.0000000,0.0144613
75060.0000000,0.0092545
75070.0000000,0.0144613
75080.0000000,0.0144613
75090.0000000,0.0096766
75100.0000000,0.0222014
75110.0000000,0.0174867
75120.0000000,0.0144613
75130.0000000,0.0127020
75140.0000000,0.0048219
75150.0000000,0.0127020
75160.0000000,0.0179088
75170.0000000,0.0179088
75180.0000000,0.0079173
75190.0000000,0.0127020
75200.0000000,0.0079173
75210.0000000,0.0130541
75220.0000000,0.0083394
75230.0000000,0.0131241
75240.0000000,0.0209343
75250.0000000,0.0082694
75260.0000000,0.0209343
75270.0000000,0.0161496
75280.0000000,0.0160796
75290.0000000,0.0161496
75300.0000000,0.0161496
75310.0000000,0.0213563
75320.0000000,0.0065802
75330.0000000,0.0113649
75340.0000000,0.0165716
75350.0000000,0.0165016
75360.0000000,0.0161496
75370.0000000,0.0165716
75380.0000000,0.0117870
75390.0000000,0.0113649
75400.0000000,0.0117870
75410.0000000,0.0169937
75420.0000000,0.0169237
75430.0000000,0.0073543
75440.0000000,0.0122090
75450.0000000,0.0122090
75460.0000000,0.0122090
75470.0000000,0.0122090
75480.0000000,0.0122090
75490.0000000,0.0074243
75500.0000000,0.0152344