Time (seconds),pred_0
29400.00000,0.13851
29410.00000,0.13397
29420.00000,0.13397
29430.00000,0.12801
29440.00000,0.13397
29450.00000,0.13398
29460.00000,0.12801
29470.00000,0.12801
29480.00000,0.12801
29490.00000,0.12801
29500.00000,0.12801
29510.00000,0.13397
29520.00000,0.12801
29530.00000,0.12801
29540.00000,0.13397
29550.00000,0.13397
29560.00000,0.12801
29570.00000,0.13397
29580.00000,0.13397
29590.00000,0.13397
29600.00000,0.13397
29610.00000,0.12801
29620.00000,0.12801
29630.00000,0.13397
29640.00000,0.13397
29650.00000,0.13397
29660.00000,0.12801
29670.00000,0.13397
29680.00000,0.12801
29690.00000,0.13397
29700.00000,0.12801
29710.00000,0.13397
29720.00000,0.12801
29730.00000,0.13397
29740.00000,0.13397
29750.00000,0.12801
29760.00000,0.12801
29770.00000,0.12801
29780.00000,0.13397
29790.00000,0.12801
29800.00000,0.12801
29810.00000,0.13397
29820.00000,0.12801
29830.00000,0.12801
29840.00000,0.12801
29850.00000,0.12801
29860.00000,0.12801
29870.00000,0.12801
29880.00000,0.13397
29890.00000,0.13397
29900.00000,0.12801
29910.00000,0.13851
29920.00000,0.12801
29930.00000,0.13397
29940.00000,0.12801
29950.00000,0.12801
29960.00000,0.13397
29970.00000,0.12801
29980.00000,0.12801
29990.00000,0.13397
30000.00000,0.13397
30010.00000,0.12801
30020.00000,0.12801
30030.00000,0.13397
30040.00000,0.13397
30050.00000,0.13397
30060.00000,0.13397
30070.00000,0.13397
30080.00000,0.13397
30090.00000,0.13397
30100.00000,0.12801
30110.00000,0.12435
30120.00000,0.12801
30130.00000,0.13397
30140.00000,0.12801
30150.00000,0.12801
30160.00000,0.12801
30170.00000,0.12801
30180.00000,0.13397
30190.00000,0.13397
30200.00000,0.12801
30210.00000,0.13397
30220.00000,0.13397
30230.00000,0.13397
30240.00000,0.12801
30250.00000,0.13397
30260.00000,0.13397
30270.00000,0.12801
30280.00000,0.12801
30290.00000,0.13397
30300.00000,0.12801
30310.00000,0.12801
30320.00000,0.12801
30330.00000,0.12801
30340.00000,0.13397
30350.00000,0.12801
30360.00000,0.13397
30370.00000,0.12801
30380.00000,0.12801
30390.00000,0.12435
30400.00000,0.12801
30410.00000,0.12801
30420.00000,0.13397
30430.00000,0.12801
30440.00000,0.12435
30450.00000,0.12801
30460.00000,0.12801
30470.00000,0.13397
30480.00000,0.13397
30490.00000,0.13397
30500.00000,0.12801
30510.00000,0.12801
30520.00000,0.12801
30530.00000,0.12801
30540.00000,0.12801
30550.00000,0.12435
30560.00000,0.13397
30570.00000,0.13397
30580.00000,0.13397
30590.00000,0.12801
30600.00000,0.12801
30610.00000,0.12801
30620.00000,0.12801
30630.00000,0.13397
30640.00000,0.13851
30650.00000,0.13397
30660.00000,0.12801
30670.00000,0.13397
30680.00000,0.13397
30690.00000,0.12801
30700.00000,0.13397
30710.00000,0.12435
30720.00000,0.12801
30730.00000,0.12801
30740.00000,0.12801
30750.00000,0.12801
30760.00000,0.13397
30770.00000,0.12801
30780.00000,0.12801
30790.00000,0.12801
30800.00000,0.12435
30810.00000,0.13397
30820.00000,0.12801
30830.00000,0.13397
30840.00000,0.13397
30850.00000,0.13397
30860.00000,0.13397
30870.00000,0.12801
30880.00000,0.12801
30890.00000,0.13397
30900.00000,0.13397
30910.00000,0.13397
30920.00000,0.12801
30930.00000,0.12801
30940.00000,0.12801
30950.00000,0.12801
30960.00000,0.13397
30970.00000,0.12801
30980.00000,0.12801
30990.00000,0.12801
31000.00000,0.12801
31010.00000,0.13397
31020.00000,0.12801
31030.00000,0.13397
31040.00000,0.12801
31050.00000,0.12801
31060.00000,0.12435
31070.00000,0.12801
31080.00000,0.12801
31090.00000,0.12801
31100.00000,0.13397
31110.00000,0.12435
31120.00000,0.13397
31130.00000,0.12801
31140.00000,0.12435
31150.00000,0.12801
31160.00000,0.13397
31170.00000,0.13397
31180.00000,0.13397
31190.00000,0.13397
31200.00000,0.13397
31210.00000,0.12801
31220.00000,0.13397
31230.00000,0.12801
31240.00000,0.12801
31250.00000,0.13397
31260.00000,0.13397
31270.00000,0.13397
31280.00000,0.13397
31290.00000,0.13397
31300.00000,0.13851
31310.00000,0.13397
31320.00000,0.12801
31330.00000,0.12801
31340.00000,0.12801
31350.00000,0.13397
31360.00000,0.13397
31370.00000,0.13397
31380.00000,0.12801
31390.00000,0.13397
31400.00000,0.12801
31410.00000,0.13397
31420.00000,0.12801
31430.00000,0.13397
31440.00000,0.13397
31450.00000,0.12801
31460.00000,0.13397
31470.00000,0.12801
31480.00000,0.13397
31490.00000,0.13397
31500.00000,0.12435
31510.00000,0.12801
31520.00000,0.12801
31530.00000,0.13397
31540.00000,0.12801
31550.00000,0.13398
31560.00000,0.12801
31570.00000,0.12801
31580.00000,0.12801
31590.00000,0.12801
31600.00000,0.13851
31610.00000,0.12801
31620.00000,0.12801
31630.00000,0.12801
31640.00000,0.12801
31650.00000,0.12801
31660.00000,0.12801
31670.00000,0.12801
31680.00000,0.12801
31690.00000,0.12801
31700.00000,0.12801
31710.00000,0.12801
31720.00000,0.12801
31730.00000,0.13397
31740.00000,0.12435
31750.00000,0.13397
31760.00000,0.12801
31770.00000,0.12801
31780.00000,0.12801
31790.00000,0.12801
31800.00000,0.12435
31810.00000,0.12435
31820.00000,0.12801
31830.00000,0.12801
31840.00000,0.13397
31850.00000,0.12801
31860.00000,0.13397
31870.00000,0.13397
31880.00000,0.12801
31890.00000,0.12801
31900.00000,0.12801
31910.00000,0.12801
31920.00000,0.12801
31930.00000,0.13397
31940.00000,0.12801
31950.00000,0.12801
31960.00000,0.12801
31970.00000,0.12801
31980.00000,0.12435
31990.00000,0.12801
32000.00000,0.12801
32010.00000,0.12801
32020.00000,0.13397
32030.00000,0.13397
32040.00000,0.12435
32050.00000,0.12801
32060.00000,0.12801
32070.00000,0.12435
32080.00000,0.13397
32090.00000,0.12801
32100.00000,0.12801
32110.00000,0.12801
32120.00000,0.13397
32130.00000,0.13397
32140.00000,0.13397
32150.00000,0.12801
32160.00000,0.13397
32170.00000,0.12801
32180.00000,0.12801
32190.00000,0.12801
32200.00000,0.13397
32210.00000,0.13397
32220.00000,0.12801
32230.00000,0.12801
32240.00000,0.12801
32250.00000,0.12435
32260.00000,0.12801
32270.00000,0.12801
32280.00000,0.12801
32290.00000,0.12435
32300.00000,0.12801
32310.00000,0.12435
32320.00000,0.12435
32330.00000,0.12801
32340.00000,0.12801
32350.00000,0.13397
32360.00000,0.12801
32370.00000,0.13397
32380.00000,0.12801
32390.00000,0.12801
32400.00000,0.12801
32410.00000,0.12435
32420.00000,0.12801
32430.00000,0.13397
32440.00000,0.12435
32450.00000,0.12801
32460.00000,0.12435
32470.00000,0.13397
32480.00000,0.12435
32490.00000,0.12801
32500.00000,0.12801
32510.00000,0.12801
32520.00000,0.12801
32530.00000,0.12801
32540.00000,0.12801
32550.00000,0.12801
32560.00000,0.12801
32570.00000,0.12801
32580.00000,0.12801
32590.00000,0.12801
32600.00000,0.13397
32610.00000,0.13397
32620.00000,0.13397
32630.00000,0.12801
32640.00000,0.12801
32650.00000,0.12801
32660.00000,0.12801
32670.00000,0.12801
32680.00000,0.12801
32690.00000,0.13397
32700.00000,0.12435
32710.00000,0.13397
32720.00000,0.12801
32730.00000,0.12801
32740.00000,0.12801
32750.00000,0.12801
32760.00000,0.12801
32770.00000,0.12435
32780.00000,0.12801
32790.00000,0.12801
32800.00000,0.12801
32810.00000,0.12801
32820.00000,0.12801
32830.00000,0.12801
32840.00000,0.12801
32850.00000,0.12801
32860.00000,0.12435
32870.00000,0.12435
32880.00000,0.12801
32890.00000,0.12801
32900.00000,0.12801
32910.00000,0.12801
32920.00000,0.13397
32930.00000,0.12801
32940.00000,0.12801
32950.00000,0.12435
32960.00000,0.12801
32970.00000,0.13397
32980.00000,0.12801
32990.00000,0.13397
33000.00000,0.12801
33010.00000,0.12435
33020.00000,0.12801
33030.00000,0.13397
33040.00000,0.12801
33050.00000,0.12801
33060.00000,0.12801
33070.00000,0.12801
33080.00000,0.12801
33090.00000,0.12801
33100.00000,0.12435
33110.00000,0.13397
33120.00000,0.12801
33130.00000,0.12801
33140.00000,0.12801
33150.00000,0.12435
33160.00000,0.12801
33170.00000,0.12435
33180.00000,0.12801
33190.00000,0.12801
33200.00000,0.12801
33210.00000,0.13397
33220.00000,0.12801
33230.00000,0.12435
33240.00000,0.12801
33250.00000,0.12801
33260.00000,0.13397
33270.00000,0.13397
33280.00000,0.12801
33290.00000,0.13397
33300.00000,0.12435
33310.00000,0.12801
33320.00000,0.12801
33330.00000,0.12801
33340.00000,0.12801
33350.00000,0.12801
33360.00000,0.13397
33370.00000,0.12801
33380.00000,0.12801
33390.00000,0.12801
33400.00000,0.12435
33410.00000,0.12801
33420.00000,0.13397
33430.00000,0.12801
33440.00000,0.12801
33450.00000,0.12801
33460.00000,0.12801
33470.00000,0.12801
33480.00000,0.12801
33490.00000,0.13397
33500.00000,0.13397
33510.00000,0.12801
33520.00000,0.12801
33530.00000,0.13397
33540.00000,0.12435
33550.00000,0.13397
33560.00000,0.12801
33570.00000,0.12801
33580.00000,0.12801
33590.00000,0.13397
