Time (seconds),pred_0
26870.00000,0.13397
26880.00000,0.12801
26890.00000,0.12801
26900.00000,0.12801
26910.00000,0.12801
26920.00000,0.13397
26930.00000,0.12801
26940.00000,0.12801
26950.00000,0.12801
26960.00000,0.12801
26970.00000,0.12801
26980.00000,0.12801
26990.00000,0.12801
27000.00000,0.12435
27010.00000,0.12435
27020.00000,0.12801
27030.00000,0.12801
27040.00000,0.13397
27050.00000,0.12801
27060.00000,0.12801
27070.00000,0.13397
27080.00000,0.12801
27090.00000,0.13397
27100.00000,0.12801
27110.00000,0.12801
27120.00000,0.12801
27130.00000,0.12801
27140.00000,0.13397
27150.00000,0.13397
27160.00000,0.12801
27170.00000,0.12801
27180.00000,0.12801
27190.00000,0.12801
27200.00000,0.12435
27210.00000,0.12801
27220.00000,0.12801
27230.00000,0.12801
27240.00000,0.12801
27250.00000,0.12435
27260.00000,0.12801
27270.00000,0.13397
27280.00000,0.12801
27290.00000,0.12435
27300.00000,0.12801
27310.00000,0.12801
27320.00000,0.12801
27330.00000,0.12801
27340.00000,0.12801
27350.00000,0.13397
27360.00000,0.12801
27370.00000,0.12801
27380.00000,0.12801
27390.00000,0.12801
27400.00000,0.12801
27410.00000,0.12801
27420.00000,0.12801
27430.00000,0.12801
27440.00000,0.12801
27450.00000,0.13397
27460.00000,0.12801
27470.00000,0.12435
27480.00000,0.12801
27490.00000,0.12435
27500.00000,0.12435
27510.00000,0.12801
27520.00000,0.12801
27530.00000,0.12801
27540.00000,0.12435
27550.00000,0.12801
27560.00000,0.12801
27570.00000,0.12435
27580.00000,0.12801
27590.00000,0.13397
27600.00000,0.13397
27610.00000,0.12801
27620.00000,0.12801
27630.00000,0.12801
27640.00000,0.12801
27650.00000,0.13397
27660.00000,0.12801
27670.00000,0.12801
27680.00000,0.12435
27690.00000,0.12801
27700.00000,0.13397
27710.00000,0.12435
27720.00000,0.12801
27730.00000,0.12435
27740.00000,0.12801
27750.00000,0.12435
27760.00000,0.12801
27770.00000,0.13397
27780.00000,0.12435
27790.00000,0.12801
27800.00000,0.12435
27810.00000,0.12435
27820.00000,0.12435
27830.00000,0.12435
27840.00000,0.12801
27850.00000,0.12435
27860.00000,0.12801
27870.00000,0.12435
27880.00000,0.12801
27890.00000,0.12435
27900.00000,0.12435
27910.00000,0.12801
27920.00000,0.12435
27930.00000,0.12801
27940.00000,0.12801
27950.00000,0.12801
27960.00000,0.12801
27970.00000,0.13397
27980.00000,0.12801
27990.00000,0.12435
28000.00000,0.12801
28010.00000,0.12801
28020.00000,0.12801
28030.00000,0.12801
28040.00000,0.12801
28050.00000,0.12801
28060.00000,0.12801
28070.00000,0.12801
28080.00000,0.13397
28090.00000,0.12801
28100.00000,0.12435
28110.00000,0.12435
28120.00000,0.12801
28130.00000,0.12801
28140.00000,0.12801
28150.00000,0.12801
28160.00000,0.12801
28170.00000,0.12435
28180.00000,0.12801
28190.00000,0.12435
28200.00000,0.12435
28210.00000,0.12435
28220.00000,0.12801
28230.00000,0.12801
28240.00000,0.12435
28250.00000,0.12801
28260.00000,0.13397
28270.00000,0.12801
28280.00000,0.12435
28290.00000,0.12801
28300.00000,0.12801
28310.00000,0.12801
28320.00000,0.12801
28330.00000,0.12801
28340.00000,0.12801
28350.00000,0.12435
28360.00000,0.12801
28370.00000,0.12435
28380.00000,0.12435
28390.00000,0.12801
28400.00000,0.13397
28410.00000,0.12801
28420.00000,0.12801
28430.00000,0.12435
28440.00000,0.12435
28450.00000,0.12801
28460.00000,0.12801
28470.00000,0.13397
28480.00000,0.12435
28490.00000,0.12801
28500.00000,0.12801
28510.00000,0.12801
28520.00000,0.12801
28530.00000,0.12801
28540.00000,0.12435
28550.00000,0.12801
28560.00000,0.12801
28570.00000,0.12435
28580.00000,0.12801
28590.00000,0.12801
28600.00000,0.12435
28610.00000,0.12435
28620.00000,0.12435
28630.00000,0.12435
28640.00000,0.12801
28650.00000,0.12801
28660.00000,0.12801
28670.00000,0.12801
28680.00000,0.12435
28690.00000,0.12435
28700.00000,0.12435
28710.00000,0.12801
28720.00000,0.12801
28730.00000,0.12435
28740.00000,0.12435
28750.00000,0.12435
28760.00000,0.12801
28770.00000,0.12801
28780.00000,0.12435
28790.00000,0.12801
28800.00000,0.12801
28810.00000,0.12435
28820.00000,0.12801
28830.00000,0.12435
28840.00000,0.12435
28850.00000,0.12801
28860.00000,0.12435
28870.00000,0.12435
28880.00000,0.12801
28890.00000,0.12801
28900.00000,0.12801
28910.00000,0.12435
28920.00000,0.12435
28930.00000,0.12435
28940.00000,0.12435
28950.00000,0.12435
28960.00000,0.12435
28970.00000,0.12435
28980.00000,0.12801
28990.00000,0.12435
29000.00000,0.12435
29010.00000,0.12435
29020.00000,0.12435
29030.00000,0.12801
29040.00000,0.12801
29050.00000,0.12801
29060.00000,0.12801
29070.00000,0.12435
29080.00000,0.12801
29090.00000,0.12435
29100.00000,0.12801
29110.00000,0.12801
29120.00000,0.12435
29130.00000,0.12801
29140.00000,0.12801
29150.00000,0.12435
29160.00000,0.12435
29170.00000,0.12801
29180.00000,0.12435
29190.00000,0.12801
29200.00000,0.12435
29210.00000,0.12801
29220.00000,0.12801
29230.00000,0.12435
29240.00000,0.12435
29250.00000,0.12801
29260.00000,0.13397
29270.00000,0.12801
29280.00000,0.12801
29290.00000,0.12435
29300.00000,0.12801
29310.00000,0.12435
29320.00000,0.12435
29330.00000,0.12435
29340.00000,0.12435
29350.00000,0.12801
29360.00000,0.12801
29370.00000,0.12435
29380.00000,0.12801
29390.00000,0.12801
29400.00000,0.12801
29410.00000,0.12801
29420.00000,0.12801
29430.00000,0.12801
29440.00000,0.12801
29450.00000,0.12801
29460.00000,0.12801
29470.00000,0.12801
29480.00000,0.12435
29490.00000,0.12801
29500.00000,0.12801
29510.00000,0.12435
29520.00000,0.12435
29530.00000,0.12435
29540.00000,0.12435
29550.00000,0.12801
29560.00000,0.12801
29570.00000,0.12801
29580.00000,0.12435
29590.00000,0.12435
29600.00000,0.12435
29610.00000,0.12435
29620.00000,0.12801
29630.00000,0.12801
29640.00000,0.12435
29650.00000,0.12435
29660.00000,0.12435
29670.00000,0.12801
29680.00000,0.12435
29690.00000,0.12435
29700.00000,0.12089
29710.00000,0.12435
29720.00000,0.12435
29730.00000,0.12801
29740.00000,0.12435
29750.00000,0.12435
29760.00000,0.12435
29770.00000,0.12435
29780.00000,0.12435
29790.00000,0.12435
29800.00000,0.12435
29810.00000,0.12435
29820.00000,0.12435
29830.00000,0.12435
29840.00000,0.12801
29850.00000,0.12435
29860.00000,0.12435
29870.00000,0.12435
29880.00000,0.12435
29890.00000,0.12435
29900.00000,0.12435
29910.00000,0.12435
29920.00000,0.12801
29930.00000,0.12435
29940.00000,0.12435
29950.00000,0.12435
29960.00000,0.12801
29970.00000,0.12435
29980.00000,0.12801
29990.00000,0.12435
30000.00000,0.12435
30010.00000,0.12435
30020.00000,0.12435
30030.00000,0.12801
30040.00000,0.12435
30050.00000,0.12801
30060.00000,0.12801
30070.00000,0.12435
30080.00000,0.12089
30090.00000,0.12435
30100.00000,0.12435
30110.00000,0.12089
30120.00000,0.12435
30130.00000,0.12435
30140.00000,0.12435
30150.00000,0.12435
30160.00000,0.12435
30170.00000,0.12435
30180.00000,0.12435
30190.00000,0.12435
30200.00000,0.12435
30210.00000,0.12435
30220.00000,0.12435
30230.00000,0.12435
30240.00000,0.12801
30250.00000,0.12435
30260.00000,0.12435
30270.00000,0.12801
30280.00000,0.12801
30290.00000,0.12801
30300.00000,0.12435
30310.00000,0.12801
30320.00000,0.12435
30330.00000,0.12801
30340.00000,0.12801
30350.00000,0.12801
30360.00000,0.12435
30370.00000,0.12801
30380.00000,0.12801
30390.00000,0.12801
30400.00000,0.12435
30410.00000,0.12435
30420.00000,0.12435
30430.00000,0.12435
30440.00000,0.12089
30450.00000,0.12435
30460.00000,0.12089
30470.00000,0.12435
30480.00000,0.12801
30490.00000,0.12435
30500.00000,0.12435
30510.00000,0.12435
30520.00000,0.12801
30530.00000,0.12801
30540.00000,0.12435
30550.00000,0.12801
30560.00000,0.12089
30570.00000,0.12435
30580.00000,0.12435
30590.00000,0.12435
30600.00000,0.12801
30610.00000,0.12435
30620.00000,0.12089
30630.00000,0.12089
30640.00000,0.12801
30650.00000,0.12088
30660.00000,0.12801
30670.00000,0.12801
30680.00000,0.12435
30690.00000,0.12435
30700.00000,0.12089
30710.00000,0.12435
30720.00000,0.12435
30730.00000,0.12435
30740.00000,0.12435
30750.00000,0.12435
30760.00000,0.12435
30770.00000,0.12435
30780.00000,0.12435
30790.00000,0.12435
30800.00000,0.12435
30810.00000,0.12435
30820.00000,0.12435
30830.00000,0.12089
30840.00000,0.12435
30850.00000,0.12089
30860.00000,0.12089
30870.00000,0.12435
30880.00000,0.12435
30890.00000,0.12435
30900.00000,0.12089
30910.00000,0.12435
30920.00000,0.12435
30930.00000,0.12435
30940.00000,0.12435
30950.00000,0.12435
30960.00000,0.12089
30970.00000,0.12089
30980.00000,0.12801
30990.00000,0.12089
31000.00000,0.12435
31010.00000,0.12435
31020.00000,0.12435
31030.00000,0.12089
31040.00000,0.12801
31050.00000,0.12435
31060.00000,0.12801
31070.00000,0.12801
31080.00000,0.12435
31090.00000,0.12801
31100.00000,0.12435
31110.00000,0.12801
31120.00000,0.12435
31130.00000,0.12435
31140.00000,0.12435
31150.00000,0.12801
31160.00000,0.12801
31170.00000,0.12435
31180.00000,0.12089
31190.00000,0.12435
31200.00000,0.12435
31210.00000,0.12089
31220.00000,0.12435
31230.00000,0.12435
31240.00000,0.12435
31250.00000,0.12435
31260.00000,0.12435
31270.00000,0.12801
31280.00000,0.12435
31290.00000,0.12801
31300.00000,0.12801
31310.00000,0.12801
31320.00000,0.12801
31330.00000,0.12801
31340.00000,0.12801
31350.00000,0.12435
31360.00000,0.12801
31370.00000,0.12801
31380.00000,0.12801
31390.00000,0.12801
31400.00000,0.12435
31410.00000,0.12435
31420.00000,0.12435
31430.00000,0.13397
31440.00000,0.12801
31450.00000,0.12801
31460.00000,0.12435
31470.00000,0.12801
31480.00000,0.12801
31490.00000,0.12801
31500.00000,0.12435
31510.00000,0.12801
31520.00000,0.12801
31530.00000,0.12801
31540.00000,0.12801
31550.00000,0.12435
31560.00000,0.12801
31570.00000,0.12435
31580.00000,0.12435
31590.00000,0.12435
31600.00000,0.12435
31610.00000,0.12435
31620.00000,0.12801
31630.00000,0.12801
31640.00000,0.12801
31650.00000,0.12435
31660.00000,0.12435
31670.00000,0.12435
31680.00000,0.12801
31690.00000,0.12435
31700.00000,0.12801
31710.00000,0.12435
31720.00000,0.12801
31730.00000,0.12801
31740.00000,0.12435
31750.00000,0.12435
31760.00000,0.12435
31770.00000,0.12435
31780.00000,0.12435
31790.00000,0.12435
31800.00000,0.12435
31810.00000,0.12435
31820.00000,0.12801
31830.00000,0.12801
31840.00000,0.12435
31850.00000,0.12435
31860.00000,0.12801
31870.00000,0.12801
31880.00000,0.12435
31890.00000,0.12435
31900.00000,0.12435
31910.00000,0.12435
31920.00000,0.12435
31930.00000,0.12435
31940.00000,0.12089
31950.00000,0.12435
31960.00000,0.12801
31970.00000,0.12435
31980.00000,0.12801
31990.00000,0.12435
32000.00000,0.12435
32010.00000,0.12435
32020.00000,0.12435
32030.00000,0.12801
32040.00000,0.12801
32050.00000,0.12435
32060.00000,0.12435
32070.00000,0.12435
32080.00000,0.12801
32090.00000,0.12435
32100.00000,0.12089
32110.00000,0.12801
32120.00000,0.12435
32130.00000,0.12801
32140.00000,0.12435
32150.00000,0.12435
32160.00000,0.12801
32170.00000,0.12435
32180.00000,0.12801
32190.00000,0.12801
32200.00000,0.12435
32210.00000,0.12435
32220.00000,0.12801
32230.00000,0.12801
