Time (seconds),pred_0
112790.00000,0.12801
112800.00000,0.12801
112810.00000,0.12801
112820.00000,0.12435
112830.00000,0.12801
112840.00000,0.12435
112850.00000,0.12801
112860.00000,0.12801
112870.00000,0.12435
112880.00000,0.12435
112890.00000,0.12801
112900.00000,0.12435
112910.00000,0.12435
112920.00000,0.12801
112930.00000,0.12801
112940.00000,0.12435
112950.00000,0.12435
112960.00000,0.12435
112970.00000,0.12435
112980.00000,0.12435
112990.00000,0.12801
113000.00000,0.12801
113010.00000,0.12801
113020.00000,0.12801
113030.00000,0.12435
113040.00000,0.12435
113050.00000,0.12435
113060.00000,0.12801
113070.00000,0.12435
113080.00000,0.12435
113090.00000,0.12801
113100.00000,0.12435
113110.00000,0.12801
113120.00000,0.12801
113130.00000,0.12435
113140.00000,0.12435
113150.00000,0.12801
113160.00000,0.12801
113170.00000,0.12801
113180.00000,0.12435
113190.00000,0.12801
113200.00000,0.12801
113210.00000,0.12801
113220.00000,0.12801
113230.00000,0.12089
113240.00000,0.12801
113250.00000,0.12435
113260.00000,0.12435
113270.00000,0.12435
113280.00000,0.12089
113290.00000,0.12435
113300.00000,0.12435
113310.00000,0.12435
113320.00000,0.12435
113330.00000,0.12435
113340.00000,0.12801
113350.00000,0.12435
113360.00000,0.12801
113370.00000,0.12801
113380.00000,0.12435
113390.00000,0.12435
113400.00000,0.12435
113410.00000,0.12801
113420.00000,0.12435
113430.00000,0.12801
113440.00000,0.12435
113450.00000,0.12801
113460.00000,0.12435
113470.00000,0.12801
113480.00000,0.12801
113490.00000,0.12435
113500.00000,0.12801
113510.00000,0.12435
113520.00000,0.12801
113530.00000,0.12435
113540.00000,0.12435
113550.00000,0.12801
113560.00000,0.12435
113570.00000,0.12801
113580.00000,0.12801
113590.00000,0.12801
113600.00000,0.12435
113610.00000,0.12435
113620.00000,0.12801
113630.00000,0.12435
113640.00000,0.12801
113650.00000,0.12435
113660.00000,0.12435
113670.00000,0.12435
113680.00000,0.12435
113690.00000,0.12435
113700.00000,0.12435
113710.00000,0.12801
113720.00000,0.12801
113730.00000,0.12435
113740.00000,0.12801
113750.00000,0.12435
113760.00000,0.12801
113770.00000,0.12435
113780.00000,0.12435
113790.00000,0.12435
113800.00000,0.12801
113810.00000,0.12435
113820.00000,0.12801
113830.00000,0.12435
113840.00000,0.12801
113850.00000,0.12435
113860.00000,0.12435
113870.00000,0.12435
113880.00000,0.12435
113890.00000,0.12435
113900.00000,0.12435
113910.00000,0.12435
113920.00000,0.12801
113930.00000,0.12801
113940.00000,0.12435
113950.00000,0.12435
113960.00000,0.12435
113970.00000,0.12435
113980.00000,0.12801
113990.00000,0.12801
114000.00000,0.12435
114010.00000,0.12801
114020.00000,0.12801
114030.00000,0.12435
114040.00000,0.12435
114050.00000,0.12801
114060.00000,0.12801
114070.00000,0.12801
114080.00000,0.12801
114090.00000,0.12089
114100.00000,0.12801
114110.00000,0.12801
114120.00000,0.12801
114130.00000,0.12435
114140.00000,0.12801
114150.00000,0.12435
114160.00000,0.12801
114170.00000,0.12435
114180.00000,0.12089
114190.00000,0.12435
114200.00000,0.12435
114210.00000,0.12435
114220.00000,0.13397
114230.00000,0.12801
114240.00000,0.13397
114250.00000,0.12801
114260.00000,0.12435
114270.00000,0.12801
114280.00000,0.12801
114290.00000,0.12801
114300.00000,0.12435
114310.00000,0.12435
114320.00000,0.12435
114330.00000,0.12801
114340.00000,0.12435
114350.00000,0.12435
114360.00000,0.12801
114370.00000,0.12801
114380.00000,0.12801
114390.00000,0.12801
114400.00000,0.12801
114410.00000,0.12435
114420.00000,0.12435
114430.00000,0.12801
114440.00000,0.12801
114450.00000,0.12801
114460.00000,0.12801
114470.00000,0.12435
114480.00000,0.12801
114490.00000,0.12435
114500.00000,0.12435
114510.00000,0.12435
114520.00000,0.12435
114530.00000,0.12435
114540.00000,0.12435
114550.00000,0.12435
114560.00000,0.12435
114570.00000,0.12435
114580.00000,0.12435
114590.00000,0.12435
114600.00000,0.12435
114610.00000,0.12435
114620.00000,0.12801
114630.00000,0.12801
114640.00000,0.12435
114650.00000,0.12435
114660.00000,0.12435
114670.00000,0.12801
114680.00000,0.12435
114690.00000,0.12435
114700.00000,0.12435
114710.00000,0.12435
114720.00000,0.12435
114730.00000,0.12435
114740.00000,0.12801
114750.00000,0.12801
114760.00000,0.12435
114770.00000,0.12801
114780.00000,0.12801
114790.00000,0.12435
114800.00000,0.12801
114810.00000,0.12435
114820.00000,0.12435
114830.00000,0.12801
114840.00000,0.12435
114850.00000,0.12435
114860.00000,0.12801
114870.00000,0.12089
114880.00000,0.12435
114890.00000,0.12435
114900.00000,0.12435
114910.00000,0.12435
114920.00000,0.12801
114930.00000,0.12801
114940.00000,0.12435
114950.00000,0.12435
114960.00000,0.12435
114970.00000,0.12435
114980.00000,0.12435
114990.00000,0.12435
115000.00000,0.12435
115010.00000,0.12801
115020.00000,0.12801
115030.00000,0.12435
115040.00000,0.12435
115050.00000,0.12435
115060.00000,0.12435
115070.00000,0.12435
115080.00000,0.12435
115090.00000,0.12435
115100.00000,0.12801
115110.00000,0.12435
115120.00000,0.12435
115130.00000,0.12435
115140.00000,0.12435
115150.00000,0.12435
115160.00000,0.12435
115170.00000,0.12435
115180.00000,0.12435
115190.00000,0.12435
115200.00000,0.12801
115210.00000,0.12435
115220.00000,0.12801
115230.00000,0.12089
115240.00000,0.12801
115250.00000,0.12801
115260.00000,0.12801
115270.00000,0.12435
115280.00000,0.12435
115290.00000,0.12435
115300.00000,0.12435
115310.00000,0.12801
115320.00000,0.12801
115330.00000,0.12801
115340.00000,0.12801
115350.00000,0.12801
115360.00000,0.12435
115370.00000,0.12435
115380.00000,0.12089
115390.00000,0.12435
115400.00000,0.12089
115410.00000,0.12435
115420.00000,0.12435
115430.00000,0.12435
115440.00000,0.12435
115450.00000,0.12435
115460.00000,0.12801
115470.00000,0.12435
115480.00000,0.12801
115490.00000,0.12435
115500.00000,0.12435
115510.00000,0.12435
115520.00000,0.12435
115530.00000,0.12435
115540.00000,0.12435
115550.00000,0.12435
115560.00000,0.12435
115570.00000,0.12435
115580.00000,0.12801
115590.00000,0.12801
115600.00000,0.12801
115610.00000,0.12801
115620.00000,0.12435
115630.00000,0.12801
115640.00000,0.12801
115650.00000,0.13397
115660.00000,0.12435
115670.00000,0.12801
115680.00000,0.12801
115690.00000,0.12435
115700.00000,0.12801
115710.00000,0.12801
115720.00000,0.12435
115730.00000,0.12801
115740.00000,0.12435
115750.00000,0.12435
115760.00000,0.12801
115770.00000,0.12435
115780.00000,0.12801
115790.00000,0.12801
115800.00000,0.12801
115810.00000,0.12435
115820.00000,0.12435
115830.00000,0.12801
115840.00000,0.12435
115850.00000,0.12801
115860.00000,0.12801
115870.00000,0.12435
115880.00000,0.12435
115890.00000,0.12801
115900.00000,0.12801
115910.00000,0.12435
115920.00000,0.12801
115930.00000,0.12435
115940.00000,0.12435
115950.00000,0.12089
115960.00000,0.12435
115970.00000,0.12435
115980.00000,0.12435
115990.00000,0.12435
116000.00000,0.12801
116010.00000,0.12801
116020.00000,0.12435
116030.00000,0.12089
116040.00000,0.12089
116050.00000,0.12435
116060.00000,0.12801
116070.00000,0.12435
116080.00000,0.12435
116090.00000,0.12801
116100.00000,0.12801
116110.00000,0.12435
116120.00000,0.12435
116130.00000,0.12435
116140.00000,0.12801
116150.00000,0.12435
116160.00000,0.12801
116170.00000,0.12435
116180.00000,0.12801
116190.00000,0.12801
116200.00000,0.12801
116210.00000,0.12801
116220.00000,0.12801
116230.00000,0.13397
116240.00000,0.12435
116250.00000,0.12801
116260.00000,0.12801
116270.00000,0.12435
116280.00000,0.12801
116290.00000,0.12435
116300.00000,0.13397
116310.00000,0.12801
116320.00000,0.12435
116330.00000,0.12801
116340.00000,0.12435
116350.00000,0.12435
116360.00000,0.12801
116370.00000,0.12801
116380.00000,0.12801
116390.00000,0.12435
116400.00000,0.12801
116410.00000,0.12435
116420.00000,0.12435
116430.00000,0.12801
116440.00000,0.12435
116450.00000,0.12435
116460.00000,0.12801
116470.00000,0.13397
116480.00000,0.12801
116490.00000,0.12801
116500.00000,0.12801
116510.00000,0.12801
116520.00000,0.12435
116530.00000,0.12435
116540.00000,0.12435
116550.00000,0.12435
116560.00000,0.12801
116570.00000,0.12435
116580.00000,0.12435
116590.00000,0.12801
116600.00000,0.12801
116610.00000,0.12435
116620.00000,0.12089
116630.00000,0.12435
116640.00000,0.12435
116650.00000,0.12801
116660.00000,0.12435
116670.00000,0.12435
116680.00000,0.12435
116690.00000,0.12801
116700.00000,0.12089
116710.00000,0.12435
116720.00000,0.12435
116730.00000,0.12435
116740.00000,0.12435
116750.00000,0.12435
116760.00000,0.12435
116770.00000,0.12435
116780.00000,0.12435
116790.00000,0.12435
116800.00000,0.12435
116810.00000,0.12801
116820.00000,0.12435
116830.00000,0.12435
116840.00000,0.12801
116850.00000,0.12801
116860.00000,0.12435
116870.00000,0.12435
116880.00000,0.12435
116890.00000,0.12435
116900.00000,0.12801
116910.00000,0.12435
116920.00000,0.12435
116930.00000,0.13031
116940.00000,0.31228
116950.00000,0.31923
116960.00000,0.32082
116970.00000,0.32700
116980.00000,0.32052
116990.00000,0.34191
117000.00000,0.34041
117010.00000,0.35195
117020.00000,0.36671
117030.00000,0.36596
117040.00000,0.34105
117050.00000,0.37537
117060.00000,0.38782
117070.00000,0.38380
117080.00000,0.39312
117090.00000,0.38972
117100.00000,0.38884
117110.00000,0.38759
117120.00000,0.40998
117130.00000,0.41548
117140.00000,0.43070
117150.00000,0.42949
117160.00000,0.43286
117170.00000,0.44125
117180.00000,0.41622
117190.00000,0.43666
117200.00000,0.39421
117210.00000,0.40159
117220.00000,0.41063
117230.00000,0.44796
117240.00000,0.41405
117250.00000,0.41603
117260.00000,0.41653
117270.00000,0.39425
117280.00000,0.37495
117290.00000,0.37717
117300.00000,0.38036
117310.00000,0.38064
117320.00000,0.38136
117330.00000,0.37308
117340.00000,0.36645
117350.00000,0.37543
117360.00000,0.33495
117370.00000,0.33520
117380.00000,0.33540
117390.00000,0.32234
117400.00000,0.32771
117410.00000,0.32191
117420.00000,0.29818
117430.00000,0.29261
117440.00000,0.29804
117450.00000,0.29886
117460.00000,0.29339
117470.00000,0.28615
117480.00000,0.26472
117490.00000,0.26016
117500.00000,0.26012
117510.00000,0.25997
117520.00000,0.26540
117530.00000,0.26028
117540.00000,0.27524
117550.00000,0.27614
117560.00000,0.27673
117570.00000,0.27603
117580.00000,0.28068
117590.00000,0.28122
117600.00000,0.29929
117610.00000,0.30450
117620.00000,0.31003
117630.00000,0.30464
117640.00000,0.30938
117650.00000,0.31029
117660.00000,0.34349
117670.00000,0.34968
117680.00000,0.35040
117690.00000,0.35618
117700.00000,0.35927
117710.00000,0.35560
117720.00000,0.38360
117730.00000,0.40384
117740.00000,0.38963
117750.00000,0.41229
117760.00000,0.37501
117770.00000,0.41852
117780.00000,0.40977
117790.00000,0.44482
117800.00000,0.40968
117810.00000,0.44572
117820.00000,0.44580
117830.00000,0.42264
117840.00000,0.47230
117850.00000,0.47648
117860.00000,0.47707
117870.00000,0.48885
117880.00000,0.49128
117890.00000,0.48874
117900.00000,0.47911
117910.00000,0.47394
117920.00000,0.46950
117930.00000,0.47485
117940.00000,0.48554
117950.00000,0.46270
117960.00000,0.47424
117970.00000,0.46440
117980.00000,0.46161
117990.00000,0.47067
118000.00000,0.48358
118010.00000,0.48311
118020.00000,0.45625
118030.00000,0.45467
118040.00000,0.45013
118050.00000,0.45009
118060.00000,0.44145
118070.00000,0.45049
118080.00000,0.42237
118090.00000,0.42121
118100.00000,0.41368
118110.00000,0.41177
118120.00000,0.41302
118130.00000,0.40879
118140.00000,0.38177
118150.00000,0.38146
