Time (seconds),pred_0
46180.00000,0.12435
46190.00000,0.12801
46200.00000,0.12435
46210.00000,0.12435
46220.00000,0.12435
46230.00000,0.12435
46240.00000,0.12435
46250.00000,0.12801
46260.00000,0.12435
46270.00000,0.12801
46280.00000,0.12435
46290.00000,0.12801
46300.00000,0.12435
46310.00000,0.12435
46320.00000,0.12435
46330.00000,0.12801
46340.00000,0.12435
46350.00000,0.12435
46360.00000,0.12801
46370.00000,0.12435
46380.00000,0.12801
46390.00000,0.12801
46400.00000,0.12435
46410.00000,0.12801
46420.00000,0.12435
46430.00000,0.12435
46440.00000,0.12801
46450.00000,0.12801
46460.00000,0.12801
46470.00000,0.12089
46480.00000,0.12801
46490.00000,0.12435
46500.00000,0.12801
46510.00000,0.12801
46520.00000,0.12435
46530.00000,0.12801
46540.00000,0.12801
46550.00000,0.12801
46560.00000,0.12435
46570.00000,0.12801
46580.00000,0.12801
46590.00000,0.12435
46600.00000,0.12435
46610.00000,0.12801
46620.00000,0.12801
46630.00000,0.12435
46640.00000,0.12435
46650.00000,0.12435
46660.00000,0.12801
46670.00000,0.12801
46680.00000,0.12801
46690.00000,0.12435
46700.00000,0.13397
46710.00000,0.12435
46720.00000,0.12801
46730.00000,0.12801
46740.00000,0.12801
46750.00000,0.12801
46760.00000,0.12435
46770.00000,0.12801
46780.00000,0.12801
46790.00000,0.12801
46800.00000,0.12801
46810.00000,0.12801
46820.00000,0.12801
46830.00000,0.12801
46840.00000,0.12801
46850.00000,0.13397
46860.00000,0.12801
46870.00000,0.12435
46880.00000,0.12435
46890.00000,0.12801
46900.00000,0.12435
46910.00000,0.12801
46920.00000,0.12801
46930.00000,0.12435
46940.00000,0.12801
46950.00000,0.13397
46960.00000,0.12435
46970.00000,0.12435
46980.00000,0.12801
46990.00000,0.12435
47000.00000,0.12435
47010.00000,0.12801
47020.00000,0.12435
47030.00000,0.12435
47040.00000,0.12435
47050.00000,0.12801
47060.00000,0.12801
47070.00000,0.12801
47080.00000,0.12801
47090.00000,0.12801
47100.00000,0.12435
47110.00000,0.12801
47120.00000,0.13397
47130.00000,0.12801
47140.00000,0.12435
47150.00000,0.12801
47160.00000,0.12435
47170.00000,0.12435
47180.00000,0.12435
47190.00000,0.12435
47200.00000,0.12801
47210.00000,0.12801
47220.00000,0.13397
47230.00000,0.12801
47240.00000,0.12435
47250.00000,0.12801
47260.00000,0.12801
47270.00000,0.12435
47280.00000,0.12435
47290.00000,0.12801
47300.00000,0.12435
47310.00000,0.12435
47320.00000,0.12435
47330.00000,0.12435
47340.00000,0.12801
47350.00000,0.12435
47360.00000,0.12801
47370.00000,0.12801
47380.00000,0.12801
47390.00000,0.12801
47400.00000,0.12801
47410.00000,0.12801
47420.00000,0.12801
47430.00000,0.12801
47440.00000,0.12801
47450.00000,0.12801
47460.00000,0.12801
47470.00000,0.12801
47480.00000,0.12801
47490.00000,0.12801
47500.00000,0.12435
47510.00000,0.12801
47520.00000,0.12801
47530.00000,0.13397
47540.00000,0.13397
47550.00000,0.12801
47560.00000,0.12801
47570.00000,0.12435
47580.00000,0.12801
47590.00000,0.12801
47600.00000,0.12801
47610.00000,0.12801
47620.00000,0.12435
47630.00000,0.12435
47640.00000,0.12435
47650.00000,0.12435
47660.00000,0.12801
47670.00000,0.12435
47680.00000,0.12801
47690.00000,0.12435
47700.00000,0.12435
47710.00000,0.12435
47720.00000,0.12435
47730.00000,0.12435
47740.00000,0.12801
47750.00000,0.12435
47760.00000,0.12435
47770.00000,0.12435
47780.00000,0.12801
47790.00000,0.12435
47800.00000,0.12801
47810.00000,0.12435
47820.00000,0.12435
47830.00000,0.12801
47840.00000,0.12801
47850.00000,0.12801
47860.00000,0.12801
47870.00000,0.12801
47880.00000,0.12435
47890.00000,0.12801
47900.00000,0.12435
47910.00000,0.12435
47920.00000,0.12801
47930.00000,0.12801
47940.00000,0.12801
47950.00000,0.12801
47960.00000,0.12435
47970.00000,0.12801
47980.00000,0.12435
47990.00000,0.12801
48000.00000,0.12801
48010.00000,0.12801
48020.00000,0.12801
48030.00000,0.12435
48040.00000,0.12801
48050.00000,0.12435
48060.00000,0.12801
48070.00000,0.12801
48080.00000,0.12801
48090.00000,0.12801
48100.00000,0.12801
48110.00000,0.13397
48120.00000,0.12801
48130.00000,0.12801
48140.00000,0.12801
48150.00000,0.12801
48160.00000,0.12801
48170.00000,0.12801
48180.00000,0.12435
48190.00000,0.12435
48200.00000,0.12801
48210.00000,0.12801
48220.00000,0.12801
48230.00000,0.12435
48240.00000,0.12435
48250.00000,0.12801
48260.00000,0.12435
48270.00000,0.12801
48280.00000,0.12801
48290.00000,0.12801
48300.00000,0.12435
48310.00000,0.12801
48320.00000,0.12801
48330.00000,0.12801
48340.00000,0.12435
48350.00000,0.12435
48360.00000,0.12801
48370.00000,0.12801
48380.00000,0.12801
48390.00000,0.12435
48400.00000,0.12801
48410.00000,0.12801
48420.00000,0.12801
48430.00000,0.12801
48440.00000,0.12801
48450.00000,0.12435
48460.00000,0.13397
48470.00000,0.12801
48480.00000,0.12801
48490.00000,0.12801
48500.00000,0.12801
48510.00000,0.12801
48520.00000,0.13397
48530.00000,0.12435
48540.00000,0.12801
48550.00000,0.12801
48560.00000,0.12801
48570.00000,0.12801
48580.00000,0.12801
48590.00000,0.13397
48600.00000,0.12801
48610.00000,0.12801
48620.00000,0.12801
48630.00000,0.12089
48640.00000,0.12435
48650.00000,0.12801
48660.00000,0.12435
48670.00000,0.12801
48680.00000,0.12435
48690.00000,0.12801
48700.00000,0.12801
48710.00000,0.12801
48720.00000,0.12435
48730.00000,0.12801
48740.00000,0.12435
48750.00000,0.12801
48760.00000,0.12801
48770.00000,0.12801
48780.00000,0.12801
48790.00000,0.12801
48800.00000,0.12801
48810.00000,0.12801
48820.00000,0.13397
48830.00000,0.12801
48840.00000,0.13397
48850.00000,0.12801
48860.00000,0.12801
48870.00000,0.12801
48880.00000,0.12801
48890.00000,0.12801
48900.00000,0.13397
48910.00000,0.12801
48920.00000,0.12435
48930.00000,0.13397
48940.00000,0.12801
48950.00000,0.12801
48960.00000,0.13397
48970.00000,0.12801
48980.00000,0.12801
48990.00000,0.12801
49000.00000,0.13397
49010.00000,0.13397
49020.00000,0.12801
49030.00000,0.12801
49040.00000,0.13397
49050.00000,0.12801
49060.00000,0.12801
49070.00000,0.12801
49080.00000,0.12801
49090.00000,0.13397
49100.00000,0.12435
49110.00000,0.12801
49120.00000,0.12801
49130.00000,0.12801
49140.00000,0.12801
49150.00000,0.12801
49160.00000,0.12801
49170.00000,0.12801
49180.00000,0.13397
49190.00000,0.12801
49200.00000,0.12801
49210.00000,0.12435
49220.00000,0.12801
49230.00000,0.12801
49240.00000,0.12801
49250.00000,0.12801
49260.00000,0.13397
49270.00000,0.12801
49280.00000,0.13397
49290.00000,0.12801
49300.00000,0.13397
49310.00000,0.13397
49320.00000,0.12801
49330.00000,0.13397
49340.00000,0.12801
49350.00000,0.12801
49360.00000,0.13397
49370.00000,0.12801
49380.00000,0.12801
49390.00000,0.12435
49400.00000,0.12435
49410.00000,0.12801
49420.00000,0.12435
49430.00000,0.12801
49440.00000,0.12435
49450.00000,0.12801
49460.00000,0.12801
49470.00000,0.12801
49480.00000,0.13397
49490.00000,0.13397
49500.00000,0.12801
49510.00000,0.13397
49520.00000,0.12801
49530.00000,0.12801
49540.00000,0.13397
49550.00000,0.12801
49560.00000,0.13397
49570.00000,0.12801
49580.00000,0.13397
49590.00000,0.13397
49600.00000,0.13397
49610.00000,0.13397
49620.00000,0.12801
49630.00000,0.13397
49640.00000,0.12801
49650.00000,0.12801
49660.00000,0.12801
49670.00000,0.12801
49680.00000,0.13397
49690.00000,0.13397
49700.00000,0.12435
49710.00000,0.12801
49720.00000,0.12801
49730.00000,0.12801
49740.00000,0.13397
49750.00000,0.13397
49760.00000,0.12801
49770.00000,0.13398
49780.00000,0.12801
49790.00000,0.12801
49800.00000,0.12435
49810.00000,0.12801
49820.00000,0.12801
49830.00000,0.12801
49840.00000,0.12801
49850.00000,0.13397
49860.00000,0.12801
49870.00000,0.12801
49880.00000,0.12801
49890.00000,0.12435
49900.00000,0.12801
49910.00000,0.12801
49920.00000,0.12801
49930.00000,0.12801
49940.00000,0.13397
49950.00000,0.12801
49960.00000,0.12435
49970.00000,0.13397
49980.00000,0.12435
49990.00000,0.12801
50000.00000,0.12801
50010.00000,0.12801
50020.00000,0.13397
50030.00000,0.13397
50040.00000,0.12801
50050.00000,0.12801
50060.00000,0.12801
50070.00000,0.12801
50080.00000,0.12801
50090.00000,0.13397
50100.00000,0.12801
50110.00000,0.12801
50120.00000,0.12801
50130.00000,0.13397
50140.00000,0.12801
50150.00000,0.12435
50160.00000,0.13397
50170.00000,0.12801
50180.00000,0.12801
50190.00000,0.12801
50200.00000,0.12801
50210.00000,0.13397
50220.00000,0.12801
50230.00000,0.12801
50240.00000,0.12801
50250.00000,0.13397
50260.00000,0.12801
50270.00000,0.12435
50280.00000,0.12801
50290.00000,0.13397
50300.00000,0.13397
50310.00000,0.12435
50320.00000,0.12801
50330.00000,0.12801
50340.00000,0.12801
50350.00000,0.12801
50360.00000,0.12801
