Time (seconds),pred_0
118160.00000,0.38215
118170.00000,0.38098
118180.00000,0.38103
118190.00000,0.38151
118200.00000,0.35895
118210.00000,0.35902
118220.00000,0.35091
118230.00000,0.35811
118240.00000,0.35030
118250.00000,0.35049
118260.00000,0.32890
118270.00000,0.33416
118280.00000,0.32989
118290.00000,0.32937
118300.00000,0.32894
118310.00000,0.32901
118320.00000,0.31981
118330.00000,0.31016
118340.00000,0.31492
118350.00000,0.31484
118360.00000,0.30985
118370.00000,0.30977
118380.00000,0.30248
118390.00000,0.29772
118400.00000,0.28996
118410.00000,0.29785
118420.00000,0.29762
118430.00000,0.29751
118440.00000,0.28640
118450.00000,0.28647
118460.00000,0.27922
118470.00000,0.27431
118480.00000,0.27427
118490.00000,0.27438
118500.00000,0.27082
118510.00000,0.26583
118520.00000,0.26616
118530.00000,0.27061
118540.00000,0.26627
118550.00000,0.25900
118560.00000,0.24991
118570.00000,0.25658
118580.00000,0.25659
118590.00000,0.25645
118600.00000,0.24542
118610.00000,0.25656
118620.00000,0.25902
118630.00000,0.25455
118640.00000,0.25427
118650.00000,0.25452
118660.00000,0.25422
118670.00000,0.25920
118680.00000,0.27044
118690.00000,0.26545
118700.00000,0.26559
118710.00000,0.26550
118720.00000,0.26998
118730.00000,0.27005
118740.00000,0.28634
118750.00000,0.28636
118760.00000,0.28601
118770.00000,0.29319
118780.00000,0.29357
118790.00000,0.29362
118800.00000,0.31262
118810.00000,0.31171
118820.00000,0.30447
118830.00000,0.31714
118840.00000,0.31664
118850.00000,0.31709
118860.00000,0.33293
118870.00000,0.34648
118880.00000,0.33863
118890.00000,0.34591
118900.00000,0.34686
118910.00000,0.34651
118920.00000,0.37418
118930.00000,0.37479
118940.00000,0.38464
118950.00000,0.38601
118960.00000,0.39159
118970.00000,0.38551
118980.00000,0.43262
118990.00000,0.43402
119000.00000,0.43862
119010.00000,0.44414
119020.00000,0.43851
119030.00000,0.44271
119040.00000,0.48428
119050.00000,0.48978
119060.00000,0.48504
119070.00000,0.47697
119080.00000,0.49011
119090.00000,0.47240
119100.00000,0.50220
119110.00000,0.51093
119120.00000,0.51369
119130.00000,0.51633
119140.00000,0.52242
119150.00000,0.52908
119160.00000,0.54948
119170.00000,0.54292
119180.00000,0.56095
119190.00000,0.56612
119200.00000,0.56451
119210.00000,0.57988
119220.00000,0.53431
119230.00000,0.57256
119240.00000,0.56262
119250.00000,0.56949
119260.00000,0.56597
119270.00000,0.57026
119280.00000,0.57425
119290.00000,0.57104
119300.00000,0.54842
119310.00000,0.58276
119320.00000,0.54319
119330.00000,0.58006
119340.00000,0.54232
119350.00000,0.53998
119360.00000,0.53573
119370.00000,0.54722
119380.00000,0.55285
119390.00000,0.54428
119400.00000,0.53962
119410.00000,0.52432
119420.00000,0.52358
119430.00000,0.51949
119440.00000,0.51296
119450.00000,0.51916
119460.00000,0.51914
119470.00000,0.48761
119480.00000,0.48322
119490.00000,0.48539
119500.00000,0.47669
119510.00000,0.47671
119520.00000,0.47537
119530.00000,0.45097
119540.00000,0.44627
119550.00000,0.44627
119560.00000,0.44643
119570.00000,0.44573
119580.00000,0.44166
119590.00000,0.42363
119600.00000,0.42905
119610.00000,0.41550
119620.00000,0.41562
119630.00000,0.41545
119640.00000,0.41601
119650.00000,0.39958
119660.00000,0.39445
119670.00000,0.40671
119680.00000,0.39857
119690.00000,0.39877
119700.00000,0.39903
119710.00000,0.39146
119720.00000,0.38453
119730.00000,0.37963
119740.00000,0.37982
119750.00000,0.38449
119760.00000,0.37908
119770.00000,0.36210
119780.00000,0.36220
119790.00000,0.36273
119800.00000,0.36260
119810.00000,0.35489
119820.00000,0.35494
119830.00000,0.35180
119840.00000,0.35145
119850.00000,0.33948
119860.00000,0.34469
119870.00000,0.34418
119880.00000,0.33933
119890.00000,0.33058
119900.00000,0.33515
119910.00000,0.33548
119920.00000,0.33043
119930.00000,0.33061
119940.00000,0.33034
119950.00000,0.32271
119960.00000,0.31777
119970.00000,0.31782
119980.00000,0.32282
119990.00000,0.31799
120000.00000,0.31056
120010.00000,0.32422
120020.00000,0.33137
120030.00000,0.33160
120040.00000,0.32420
120050.00000,0.33130
120060.00000,0.33123
120070.00000,0.34976
120080.00000,0.34922
120090.00000,0.35413
120100.00000,0.34933
120110.00000,0.34912
120120.00000,0.35436
120130.00000,0.37154
120140.00000,0.37613
120150.00000,0.37624
120160.00000,0.38197
120170.00000,0.37163
120180.00000,0.38160
120190.00000,0.40580
120200.00000,0.41063
120210.00000,0.40973
120220.00000,0.41015
120230.00000,0.41749
120240.00000,0.41711
120250.00000,0.45628
120260.00000,0.45713
120270.00000,0.45744
120280.00000,0.46038
120290.00000,0.46296
120300.00000,0.46801
120310.00000,0.50038
120320.00000,0.51510
120330.00000,0.51870
120340.00000,0.53707
120350.00000,0.53009
120360.00000,0.53922
120370.00000,0.52779
120380.00000,0.54989
120390.00000,0.59057
120400.00000,0.58360
120410.00000,0.56324
120420.00000,0.57978
120430.00000,0.60063
120440.00000,0.60631
120450.00000,0.61483
120460.00000,0.62028
120470.00000,0.62409
120480.00000,0.63044
120490.00000,0.62596
120500.00000,0.59638
120510.00000,0.64992
120520.00000,0.59423
120530.00000,0.61402
120540.00000,0.61488
120550.00000,0.62243
120560.00000,0.58676
120570.00000,0.59521
120580.00000,0.58435
120590.00000,0.58272
120600.00000,0.61217
120610.00000,0.58662
120620.00000,0.57879
120630.00000,0.58372
120640.00000,0.58361
120650.00000,0.57359
120660.00000,0.57409
120670.00000,0.53427
120680.00000,0.52966
120690.00000,0.53303
120700.00000,0.53345
120710.00000,0.53579
120720.00000,0.52364
120730.00000,0.50476
120740.00000,0.49996
120750.00000,0.48784
120760.00000,0.48791
120770.00000,0.48715
120780.00000,0.48633
120790.00000,0.51076
120800.00000,0.50266
120810.00000,0.50382
120820.00000,0.51726
120830.00000,0.50992
120840.00000,0.50299
120850.00000,0.55439
120860.00000,0.55719
120870.00000,0.55362
120880.00000,0.55774
120890.00000,0.56521
120900.00000,0.55838
120910.00000,0.55847
120920.00000,0.59298
120930.00000,0.56016
120940.00000,0.59188
120950.00000,0.56187
120960.00000,0.60691
120970.00000,0.59042
120980.00000,0.63898
120990.00000,0.65750
121000.00000,0.61554
121010.00000,0.59188
121020.00000,0.63576
121030.00000,0.65449
121040.00000,0.66062
121050.00000,0.67709
121060.00000,0.66813
121070.00000,0.68059
121080.00000,0.68078
121090.00000,0.66996
121100.00000,0.66931
121110.00000,0.67410
121120.00000,0.67215
121130.00000,0.67613
121140.00000,0.68299
121150.00000,0.64839
121160.00000,0.68924
121170.00000,0.67656
121180.00000,0.66527
121190.00000,0.65100
121200.00000,0.67963
121210.00000,0.63961
121220.00000,0.65424
121230.00000,0.64650
121240.00000,0.64602
121250.00000,0.65726
121260.00000,0.65268
121270.00000,0.62564
121280.00000,0.62793
121290.00000,0.62163
121300.00000,0.61674
121310.00000,0.61996
121320.00000,0.62020
121330.00000,0.58703
121340.00000,0.58990
121350.00000,0.58187
121360.00000,0.58157
121370.00000,0.57410
121380.00000,0.57894
121390.00000,0.54635
121400.00000,0.55331
121410.00000,0.56070
121420.00000,0.54835
121430.00000,0.54367
121440.00000,0.53471
121450.00000,0.52458
121460.00000,0.52930
121470.00000,0.51603
121480.00000,0.52462
121490.00000,0.52391
121500.00000,0.51724
121510.00000,0.50019
121520.00000,0.50018
121530.00000,0.48966
121540.00000,0.49511
121550.00000,0.50007
121560.00000,0.48994
121570.00000,0.48982
121580.00000,0.47532
121590.00000,0.47517
121600.00000,0.47529
121610.00000,0.46717
121620.00000,0.47529
121630.00000,0.46784
121640.00000,0.45896
121650.00000,0.45893
121660.00000,0.45899
121670.00000,0.45855
121680.00000,0.45415
121690.00000,0.45385
121700.00000,0.44556
121710.00000,0.44595
121720.00000,0.44576
121730.00000,0.44561
121740.00000,0.44103
121750.00000,0.44070
121760.00000,0.43844
121770.00000,0.43850
121780.00000,0.43859
121790.00000,0.43353
121800.00000,0.43838
121810.00000,0.42581
121820.00000,0.41914
121830.00000,0.42656
121840.00000,0.42689
121850.00000,0.42665
121860.00000,0.42644
121870.00000,0.41915
121880.00000,0.41299
121890.00000,0.41292
121900.00000,0.41286
121910.00000,0.41303
121920.00000,0.40786
121930.00000,0.40799
121940.00000,0.41518
121950.00000,0.40267
121960.00000,0.40289
121970.00000,0.39537
121980.00000,0.40750
121990.00000,0.39555
122000.00000,0.41753
122010.00000,0.40970
122020.00000,0.41762
122030.00000,0.40977
122040.00000,0.40980
122050.00000,0.40991
122060.00000,0.43628
122070.00000,0.43613
122080.00000,0.43663
122090.00000,0.43646
122100.00000,0.42879
122110.00000,0.43632
122120.00000,0.45296
122130.00000,0.45975
122140.00000,0.46517
122150.00000,0.46522
122160.00000,0.46482
122170.00000,0.47228
122180.00000,0.49300
122190.00000,0.49375
122200.00000,0.50140
122210.00000,0.50645
122220.00000,0.50127
122230.00000,0.50600
122240.00000,0.52571
122250.00000,0.53455
122260.00000,0.54014
122270.00000,0.54020
122280.00000,0.53843
122290.00000,0.54404
122300.00000,0.59286
122310.00000,0.59370
122320.00000,0.59659
122330.00000,0.60358
122340.00000,0.59099
122350.00000,0.60060
122360.00000,0.62130
122370.00000,0.62187
122380.00000,0.64385
122390.00000,0.65165
122400.00000,0.65570
122410.00000,0.62391
122420.00000,0.65691
122430.00000,0.66562
122440.00000,0.67155
122450.00000,0.66874
122460.00000,0.68970
122470.00000,0.68599
122480.00000,0.70644
122490.00000,0.70979
122500.00000,0.71052
122510.00000,0.72404
122520.00000,0.72674
122530.00000,0.73176
122540.00000,0.70900
122550.00000,0.71577
122560.00000,0.71906
122570.00000,0.70671
122580.00000,0.72566
122590.00000,0.72770
122600.00000,0.69560
122610.00000,0.68748
122620.00000,0.70501
122630.00000,0.72626
122640.00000,0.72041
122650.00000,0.72242
122660.00000,0.70148
122670.00000,0.69580
122680.00000,0.70111
122690.00000,0.69533
122700.00000,0.68726
122710.00000,0.69273
122720.00000,0.67468
122730.00000,0.67666
122740.00000,0.67401
122750.00000,0.66008
122760.00000,0.66685
122770.00000,0.66484
122780.00000,0.63401
122790.00000,0.63443
122800.00000,0.63687
122810.00000,0.63056
122820.00000,0.62322
122830.00000,0.62926
122840.00000,0.59736
122850.00000,0.58874
122860.00000,0.58923
122870.00000,0.59821
122880.00000,0.58388
122890.00000,0.58517
122900.00000,0.56959
122910.00000,0.56518
122920.00000,0.56501
122930.00000,0.56040
122940.00000,0.56519
122950.00000,0.55992
122960.00000,0.54761
122970.00000,0.54213
122980.00000,0.54324
122990.00000,0.54259
123000.00000,0.54283
123010.00000,0.53460
123020.00000,0.52080
123030.00000,0.51564
123040.00000,0.51564
123050.00000,0.52100
123060.00000,0.51538
123070.00000,0.51564
123080.00000,0.50267
123090.00000,0.49760
123100.00000,0.49762
123110.00000,0.49786
123120.00000,0.48991
123130.00000,0.48984
123140.00000,0.48657
123150.00000,0.48665
123160.00000,0.48615
123170.00000,0.47869
123180.00000,0.47373
123190.00000,0.47376
123200.00000,0.46390
123210.00000,0.46372
123220.00000,0.46395
123230.00000,0.46388
123240.00000,0.46409
123250.00000,0.45889
123260.00000,0.45549
123270.00000,0.45018
123280.00000,0.45023
123290.00000,0.45046
123300.00000,0.45033
123310.00000,0.45064
123320.00000,0.46100
123330.00000,0.46112
123340.00000,0.46115
123350.00000,0.46119
123360.00000,0.46133
123370.00000,0.46134
123380.00000,0.48552
123390.00000,0.48059
123400.00000,0.48589
123410.00000,0.49339
123420.00000,0.48550
123430.00000,0.48555
123440.00000,0.51684
123450.00000,0.52477
123460.00000,0.51232
123470.00000,0.52481
123480.00000,0.51629
123490.00000,0.52498
123500.00000,0.57214
123510.00000,0.57528
123520.00000,0.57536
