Time (seconds),pred_0
21500.00000,0.14387
21510.00000,0.13851
21520.00000,0.13851
21530.00000,0.13851
21540.00000,0.14380
21550.00000,0.13397
21560.00000,0.14380
21570.00000,0.14380
21580.00000,0.13851
21590.00000,0.13851
21600.00000,0.13844
21610.00000,0.13851
21620.00000,0.14380
21630.00000,0.13851
21640.00000,0.13851
21650.00000,0.14380
21660.00000,0.13397
21670.00000,0.14380
21680.00000,0.13851
21690.00000,0.14387
21700.00000,0.13851
21710.00000,0.13851
21720.00000,0.14380
21730.00000,0.13851
21740.00000,0.13851
21750.00000,0.14380
21760.00000,0.14380
21770.00000,0.13851
21780.00000,0.14380
21790.00000,0.14380
21800.00000,0.13851
21810.00000,0.14380
21820.00000,0.14373
21830.00000,0.13859
21840.00000,0.13851
21850.00000,0.14380
21860.00000,0.13859
21870.00000,0.13851
21880.00000,0.14380
21890.00000,0.13851
21900.00000,0.14380
21910.00000,0.13851
21920.00000,0.13851
21930.00000,0.13851
21940.00000,0.13851
21950.00000,0.13851
21960.00000,0.13851
21970.00000,0.13851
21980.00000,0.14380
21990.00000,0.13851
22000.00000,0.13851
22010.00000,0.13851
22020.00000,0.13397
22030.00000,0.14380
22040.00000,0.13397
22050.00000,0.13397
22060.00000,0.13398
22070.00000,0.13397
22080.00000,0.13851
22090.00000,0.13397
22100.00000,0.13851
22110.00000,0.13859
22120.00000,0.13397
22130.00000,0.13851
22140.00000,0.13397
22150.00000,0.13851
22160.00000,0.13851
22170.00000,0.13397
22180.00000,0.13851
22190.00000,0.13851
22200.00000,0.13851
22210.00000,0.13851
22220.00000,0.13397
22230.00000,0.14380
22240.00000,0.13851
22250.00000,0.13851
22260.00000,0.13851
22270.00000,0.13397
22280.00000,0.13851
22290.00000,0.13397
22300.00000,0.13851
22310.00000,0.13851
22320.00000,0.13851
22330.00000,0.13859
22340.00000,0.13851
22350.00000,0.13851
22360.00000,0.13851
22370.00000,0.13851
22380.00000,0.13851
22390.00000,0.13397
22400.00000,0.13397
22410.00000,0.13851
22420.00000,0.13397
22430.00000,0.13851
22440.00000,0.13397
22450.00000,0.13397
22460.00000,0.13851
22470.00000,0.13851
22480.00000,0.13851
22490.00000,0.13859
22500.00000,0.13397
22510.00000,0.13397
22520.00000,0.13851
22530.00000,0.13851
22540.00000,0.13851
22550.00000,0.13851
22560.00000,0.13851
22570.00000,0.14380
22580.00000,0.13851
22590.00000,0.13398
22600.00000,0.13851
22610.00000,0.14380
22620.00000,0.13851
22630.00000,0.13397
22640.00000,0.12801
22650.00000,0.13397
22660.00000,0.12801
22670.00000,0.13397
22680.00000,0.13397
22690.00000,0.13398
22700.00000,0.12801
22710.00000,0.13851
22720.00000,0.13397
22730.00000,0.13397
22740.00000,0.13397
22750.00000,0.13397
22760.00000,0.13851
22770.00000,0.13397
22780.00000,0.13851
22790.00000,0.13397
22800.00000,0.13397
22810.00000,0.13397
22820.00000,0.13397
22830.00000,0.13397
22840.00000,0.13851
22850.00000,0.13851
22860.00000,0.13851
22870.00000,0.13397
22880.00000,0.13844
22890.00000,0.13851
22900.00000,0.13397
22910.00000,0.13851
22920.00000,0.14380
22930.00000,0.13851
22940.00000,0.13851
22950.00000,0.13851
22960.00000,0.13851
22970.00000,0.12801
22980.00000,0.13851
22990.00000,0.12801
23000.00000,0.13397
23010.00000,0.13397
23020.00000,0.13397
23030.00000,0.13397
23040.00000,0.13851
23050.00000,0.13859
23060.00000,0.13397
23070.00000,0.13851
23080.00000,0.12801
23090.00000,0.13397
23100.00000,0.13397
23110.00000,0.13397
23120.00000,0.12801
23130.00000,0.13397
23140.00000,0.13397
23150.00000,0.13397
23160.00000,0.13851
23170.00000,0.13397
23180.00000,0.13397
23190.00000,0.13844
23200.00000,0.14380
23210.00000,0.13844
23220.00000,0.13397
23230.00000,0.13851
23240.00000,0.13397
23250.00000,0.13851
23260.00000,0.13851
23270.00000,0.13397
23280.00000,0.13397
23290.00000,0.13397
23300.00000,0.13397
23310.00000,0.13397
23320.00000,0.13397
23330.00000,0.13851
23340.00000,0.13851
23350.00000,0.13397
23360.00000,0.13397
23370.00000,0.13397
23380.00000,0.12801
23390.00000,0.13397
23400.00000,0.13397
23410.00000,0.13397
23420.00000,0.12801
23430.00000,0.13397
23440.00000,0.13851
23450.00000,0.13851
23460.00000,0.13397
23470.00000,0.13397
23480.00000,0.13397
23490.00000,0.13397
23500.00000,0.13851
23510.00000,0.13397
23520.00000,0.13397
23530.00000,0.13397
23540.00000,0.13397
23550.00000,0.13397
23560.00000,0.12801
23570.00000,0.13397
23580.00000,0.13851
23590.00000,0.13397
23600.00000,0.13851
23610.00000,0.13397
23620.00000,0.13397
23630.00000,0.13398
23640.00000,0.12801
23650.00000,0.12801
23660.00000,0.13397
23670.00000,0.13397
23680.00000,0.12801
23690.00000,0.13397
23700.00000,0.13397
23710.00000,0.12801
23720.00000,0.12801
23730.00000,0.13851
23740.00000,0.12801
23750.00000,0.12801
23760.00000,0.12801
23770.00000,0.13397
23780.00000,0.13397
23790.00000,0.13851
23800.00000,0.13851
23810.00000,0.13397
23820.00000,0.12801
23830.00000,0.13397
23840.00000,0.13397
23850.00000,0.13397
23860.00000,0.13397
23870.00000,0.13397
23880.00000,0.13397
23890.00000,0.13397
23900.00000,0.13397
23910.00000,0.13397
23920.00000,0.12801
23930.00000,0.13397
23940.00000,0.13397
23950.00000,0.13397
23960.00000,0.13397
23970.00000,0.13397
23980.00000,0.12801
23990.00000,0.12801
24000.00000,0.12801
24010.00000,0.12801
24020.00000,0.12801
24030.00000,0.12801
24040.00000,0.12801
24050.00000,0.13397
24060.00000,0.13397
24070.00000,0.13397
24080.00000,0.13397
24090.00000,0.12801
24100.00000,0.13851
24110.00000,0.12801
24120.00000,0.12801
24130.00000,0.12801
24140.00000,0.13397
24150.00000,0.13397
24160.00000,0.12801
24170.00000,0.12801
24180.00000,0.12801
24190.00000,0.12801
24200.00000,0.13397
24210.00000,0.12435
24220.00000,0.12801
24230.00000,0.13397
24240.00000,0.12435
24250.00000,0.12801
24260.00000,0.12801
24270.00000,0.12801
24280.00000,0.13397
24290.00000,0.12801
24300.00000,0.13397
24310.00000,0.12801
24320.00000,0.13397
24330.00000,0.12801
24340.00000,0.13397
24350.00000,0.13397
24360.00000,0.12801
24370.00000,0.12801
24380.00000,0.13397
24390.00000,0.12801
24400.00000,0.13397
24410.00000,0.12801
24420.00000,0.13851
24430.00000,0.12801
24440.00000,0.12801
24450.00000,0.12801
24460.00000,0.12801
24470.00000,0.12801
24480.00000,0.12801
24490.00000,0.13397
24500.00000,0.12801
24510.00000,0.13397
24520.00000,0.13397
24530.00000,0.12801
24540.00000,0.12801
24550.00000,0.13397
24560.00000,0.12801
24570.00000,0.12801
24580.00000,0.13397
24590.00000,0.12801
24600.00000,0.13397
24610.00000,0.13397
24620.00000,0.12801
24630.00000,0.13397
24640.00000,0.13397
24650.00000,0.12801
24660.00000,0.12801
24670.00000,0.13397
24680.00000,0.13397
24690.00000,0.13397
24700.00000,0.13397
24710.00000,0.13397
24720.00000,0.12801
24730.00000,0.12801
24740.00000,0.13397
24750.00000,0.13397
24760.00000,0.13397
24770.00000,0.13851
24780.00000,0.13859
24790.00000,0.13859
24800.00000,0.13844
24810.00000,0.13397
24820.00000,0.13397
24830.00000,0.13397
24840.00000,0.13851
24850.00000,0.13397
24860.00000,0.13397
24870.00000,0.12801
24880.00000,0.12801
24890.00000,0.13397
24900.00000,0.12801
24910.00000,0.13397
24920.00000,0.12801
24930.00000,0.13851
24940.00000,0.13397
24950.00000,0.12801
24960.00000,0.13851
24970.00000,0.12801
24980.00000,0.13397
24990.00000,0.13397
25000.00000,0.12801
25010.00000,0.13397
25020.00000,0.12435
25030.00000,0.12801
25040.00000,0.13397
25050.00000,0.12801
25060.00000,0.13397
25070.00000,0.13397
25080.00000,0.12801
25090.00000,0.12801
25100.00000,0.12801
25110.00000,0.12801
25120.00000,0.13397
25130.00000,0.13851
25140.00000,0.13397
25150.00000,0.12801
25160.00000,0.12801
25170.00000,0.12435
25180.00000,0.12801
25190.00000,0.13397
25200.00000,0.12801
25210.00000,0.13397
25220.00000,0.12801
25230.00000,0.13397
25240.00000,0.12801
25250.00000,0.12801
25260.00000,0.12801
25270.00000,0.12801
25280.00000,0.13397
25290.00000,0.12801
25300.00000,0.13397
25310.00000,0.13397
25320.00000,0.12801
25330.00000,0.13397
25340.00000,0.13397
25350.00000,0.12801
25360.00000,0.13397
25370.00000,0.13397
25380.00000,0.13397
25390.00000,0.13397
25400.00000,0.13397
25410.00000,0.13397
25420.00000,0.13397
25430.00000,0.13397
25440.00000,0.12801
25450.00000,0.13851
25460.00000,0.13397
25470.00000,0.13397
25480.00000,0.13397
25490.00000,0.13397
25500.00000,0.12801
25510.00000,0.12801
25520.00000,0.13397
25530.00000,0.13397
25540.00000,0.12801
25550.00000,0.12801
25560.00000,0.13397
25570.00000,0.13851
25580.00000,0.13397
25590.00000,0.12801
25600.00000,0.13397
25610.00000,0.13397
25620.00000,0.12801
25630.00000,0.13397
25640.00000,0.13397
25650.00000,0.13397
25660.00000,0.13397
25670.00000,0.12801
25680.00000,0.12801
25690.00000,0.13397
25700.00000,0.12801
25710.00000,0.13397
25720.00000,0.12801
25730.00000,0.12801
25740.00000,0.12801
25750.00000,0.13397
25760.00000,0.13397
25770.00000,0.12801
25780.00000,0.12801
25790.00000,0.13397
25800.00000,0.12801
25810.00000,0.12801
25820.00000,0.12801
25830.00000,0.13397
25840.00000,0.13397
25850.00000,0.13397
25860.00000,0.13397
25870.00000,0.13397
25880.00000,0.13397
25890.00000,0.13397
25900.00000,0.13397
25910.00000,0.12801
25920.00000,0.12801
25930.00000,0.12801
25940.00000,0.12801
25950.00000,0.12801
25960.00000,0.13398
25970.00000,0.13397
25980.00000,0.12801
25990.00000,0.12801
26000.00000,0.12801
26010.00000,0.12801
26020.00000,0.12801
26030.00000,0.13397
26040.00000,0.12801
26050.00000,0.12801
26060.00000,0.13397
26070.00000,0.12801
26080.00000,0.12801
26090.00000,0.12801
26100.00000,0.12801
26110.00000,0.13397
26120.00000,0.12801
26130.00000,0.12801
26140.00000,0.13397
26150.00000,0.12801
26160.00000,0.12801
26170.00000,0.12801
26180.00000,0.13397
26190.00000,0.12801
26200.00000,0.12801
26210.00000,0.13397
26220.00000,0.12801
26230.00000,0.12801
26240.00000,0.12801
26250.00000,0.12801
26260.00000,0.13397
26270.00000,0.12801
26280.00000,0.12801
26290.00000,0.12801
26300.00000,0.13397
26310.00000,0.12801
26320.00000,0.12435
26330.00000,0.12801
26340.00000,0.12801
26350.00000,0.12801
26360.00000,0.13397
26370.00000,0.13397
26380.00000,0.13397
26390.00000,0.12801
26400.00000,0.12801
26410.00000,0.12801
26420.00000,0.12435
26430.00000,0.12801
26440.00000,0.12801
26450.00000,0.12801
26460.00000,0.12801
26470.00000,0.12801
26480.00000,0.13397
26490.00000,0.12435
26500.00000,0.12801
26510.00000,0.12801
26520.00000,0.12801
26530.00000,0.12435
26540.00000,0.12801
26550.00000,0.12801
26560.00000,0.12801
26570.00000,0.12435
26580.00000,0.12435
26590.00000,0.12801
26600.00000,0.12801
26610.00000,0.12801
26620.00000,0.12801
26630.00000,0.13397
26640.00000,0.12435
26650.00000,0.13397
26660.00000,0.12801
26670.00000,0.12435
26680.00000,0.12435
26690.00000,0.12801
26700.00000,0.12801
26710.00000,0.12435
26720.00000,0.12435
26730.00000,0.12435
26740.00000,0.12801
26750.00000,0.12801
26760.00000,0.12435
26770.00000,0.12801
26780.00000,0.12435
26790.00000,0.12801
26800.00000,0.12801
26810.00000,0.12435
26820.00000,0.12801
26830.00000,0.12801
26840.00000,0.12801
26850.00000,0.12435
26860.00000,0.12801
