Time (seconds), abs_residuals
16130.0000000,0.0081000
16140.0000000,0.0075265
16150.0000000,0.0075265
16160.0000000,0.0021685
16170.0000000,0.0075265
16180.0000000,0.0021685
16190.0000000,0.0075265
16200.0000000,0.0021685
16210.0000000,0.0026162
16220.0000000,0.0025488
16230.0000000,0.0123112
16240.0000000,0.0021685
16250.0000000,0.0021685
16260.0000000,0.0070205
16270.0000000,0.0069531
16280.0000000,0.0069531
16290.0000000,0.0069531
16300.0000000,0.0021685
16310.0000000,0.0021685
16320.0000000,0.0069531
16330.0000000,0.0010841
16340.0000000,0.0022358
16350.0000000,0.0010841
16360.0000000,0.0058687
16370.0000000,0.0069531
16380.0000000,0.0037006
16390.0000000,0.0069531
16400.0000000,0.0010841
16410.0000000,0.0069531
16420.0000000,0.0070205
16430.0000000,0.0117378
16440.0000000,0.0037006
16450.0000000,0.0037006
16460.0000000,0.0010841
16470.0000000,0.0037006
16480.0000000,0.0010841
16490.0000000,0.0031132
16500.0000000,0.0064562
16510.0000000,0.0084853
16520.0000000,0.0084853
16530.0000000,0.0016038
16540.0000000,0.0037006
16550.0000000,0.0016038
16560.0000000,0.0016715
16570.0000000,0.0037006
16580.0000000,0.0070811
16590.0000000,0.0016715
16600.0000000,0.0031132
16610.0000000,0.0070811
16620.0000000,0.0031132
16630.0000000,0.0016715
16640.0000000,0.0031809
16650.0000000,0.0031132
16660.0000000,0.0031132
16670.0000000,0.0016715
16680.0000000,0.0078979
16690.0000000,0.0022964
16700.0000000,0.0126826
16710.0000000,0.0031132
16720.0000000,0.0022964
16730.0000000,0.0070811
16740.0000000,0.0078979
16750.0000000,0.0078979
16760.0000000,0.0084853
16770.0000000,0.0078979
16780.0000000,0.0023641
16790.0000000,0.0031132
16800.0000000,0.0024883
16810.0000000,0.0025559
16820.0000000,0.0126826
16830.0000000,0.0072730
16840.0000000,0.0072730
16850.0000000,0.0126826
16860.0000000,0.0104109
16870.0000000,0.0104785
16880.0000000,0.0008415
16890.0000000,0.0008415
16900.0000000,0.0072730
16910.0000000,0.0056262
16920.0000000,0.0024883
16930.0000000,0.0007739
16940.0000000,0.0158205
16950.0000000,0.0008415
16960.0000000,0.0072730
16970.0000000,0.0008415
16980.0000000,0.0072730
16990.0000000,0.0039432
17000.0000000,0.0073406
17010.0000000,0.0072730
17020.0000000,0.0072730
17030.0000000,0.0008415
17040.0000000,0.0039432
17050.0000000,0.0039432
17060.0000000,0.0008415
17070.0000000,0.0072730
17080.0000000,0.0039432
17090.0000000,0.0087279
17100.0000000,0.0039432
17110.0000000,0.0039432
17120.0000000,0.0039432
17130.0000000,0.0008415
17140.0000000,0.0039432
17150.0000000,0.0014664
17160.0000000,0.0047962
17170.0000000,0.0095133
17180.0000000,0.0081029
17190.0000000,0.0087279
17200.0000000,0.0033183
17210.0000000,0.0033183
17220.0000000,0.0014664
17230.0000000,0.0014664
17240.0000000,0.0039432
17250.0000000,0.0014664
17260.0000000,0.0039432
17270.0000000,0.0014664
17280.0000000,0.0033183
17290.0000000,0.0095809
17300.0000000,0.0013988
17310.0000000,0.0033183
17320.0000000,0.0033859
17330.0000000,0.0014664
17340.0000000,0.0013988
17350.0000000,0.0032506
17360.0000000,0.0000115
17370.0000000,0.0047962
17380.0000000,0.0095809
17390.0000000,0.0047962
17400.0000000,0.0047962
17410.0000000,0.0095133
17420.0000000,0.0102058
17430.0000000,0.0000115
17440.0000000,0.0047962
17450.0000000,0.0102058
17460.0000000,0.0102058
17470.0000000,0.0000115
17480.0000000,0.0047286
17490.0000000,0.0101382
17500.0000000,0.0000115
17510.0000000,0.0048639
17520.0000000,0.0047962
17530.0000000,0.0000561
17540.0000000,0.0081029
17550.0000000,0.0000115
17560.0000000,0.0000115
17570.0000000,0.0102058
17580.0000000,0.0000115
17590.0000000,0.0054211
17600.0000000,0.0054211
17610.0000000,0.0000115
17620.0000000,0.0108308
17630.0000000,0.0006364
17640.0000000,0.0000115
17650.0000000,0.0006364
17660.0000000,0.0054211
17670.0000000,0.0054211
17680.0000000,0.0005688
17690.0000000,0.0006364
17700.0000000,0.0060461
17710.0000000,0.0054211
17720.0000000,0.0107631
17730.0000000,0.0006364
17740.0000000,0.0095578
17750.0000000,0.0012614
17760.0000000,0.0047731
17770.0000000,0.0006364
17780.0000000,0.0006364
17790.0000000,0.0006364
17800.0000000,0.0006364
17810.0000000,0.0006364
17820.0000000,0.0059785
17830.0000000,0.0006364
17840.0000000,0.0012614
17850.0000000,0.0006364
17860.0000000,0.0012614
17870.0000000,0.0041482
17880.0000000,0.0041482
17890.0000000,0.0012614
17900.0000000,0.0012614
17910.0000000,0.0059785
17920.0000000,0.0041482
17930.0000000,0.0141606
17940.0000000,0.0012614
17950.0000000,0.0012614
17960.0000000,0.0013291
17970.0000000,0.0141606
17980.0000000,0.0060461
17990.0000000,0.0011938
18000.0000000,0.0093759
18010.0000000,0.0093759
18020.0000000,0.0012614
18030.0000000,0.0083080
18040.0000000,0.0089329
18050.0000000,0.0089329
18060.0000000,0.0060461
18070.0000000,0.0012614
18080.0000000,0.0060461
18090.0000000,0.0035233
18100.0000000,0.0041482
18110.0000000,0.0060461
18120.0000000,0.0012614
18130.0000000,0.0045912
18140.0000000,0.0089329
18150.0000000,0.0012614
18160.0000000,0.0089329
18170.0000000,0.0089329
18180.0000000,0.0035233
18190.0000000,0.0012614
18200.0000000,0.0001935
18210.0000000,0.0035233
18220.0000000,0.0045235
18230.0000000,0.0045912
18240.0000000,0.0045912
18250.0000000,0.0035233
18260.0000000,0.0045235
18270.0000000,0.0083756
18280.0000000,0.0002611
18290.0000000,0.0045912
18300.0000000,0.0083756
18310.0000000,0.0001935
18320.0000000,0.0094007
18330.0000000,0.0083080
18340.0000000,0.0001935
18350.0000000,0.0046160
18360.0000000,0.0045591
18370.0000000,0.0045912
18380.0000000,0.0001935
18390.0000000,0.0046160
18400.0000000,0.0001935
18410.0000000,0.0094007
18420.0000000,0.0046160
18430.0000000,0.0046160
18440.0000000,0.0046160
18450.0000000,0.0142423
18460.0000000,0.0094007
18470.0000000,0.0001935
18480.0000000,0.0049782
18490.0000000,0.0090425
18500.0000000,0.0049782
18510.0000000,0.0090425
18520.0000000,0.0046160
18530.0000000,0.0001935
18540.0000000,0.0001687
18550.0000000,0.0046160
18560.0000000,0.0046160
18570.0000000,0.0001935
18580.0000000,0.0046160
18590.0000000,0.0090425
18600.0000000,0.0001687
18610.0000000,0.0046160
18620.0000000,0.0049105
18630.0000000,0.0049534
18640.0000000,0.0045591
18650.0000000,0.0090425
18660.0000000,0.0042578
18670.0000000,0.0049782
18680.0000000,0.0042578
18690.0000000,0.0042578
18700.0000000,0.0042578
18710.0000000,0.0090425
18720.0000000,0.0005269
18730.0000000,0.0001687
18740.0000000,0.0046160
18750.0000000,0.0001687
18760.0000000,0.0043147
18770.0000000,0.0001687
18780.0000000,0.0001687
18790.0000000,0.0046160
18800.0000000,0.0049782
18810.0000000,0.0042578
18820.0000000,0.0042578
18830.0000000,0.0001687
18840.0000000,0.0001687
18850.0000000,0.0001687
18860.0000000,0.0001687
18870.0000000,0.0001687
18880.0000000,0.0001687
18890.0000000,0.0042578
18900.0000000,0.0050102
18910.0000000,0.0005269
18920.0000000,0.0001687
18930.0000000,0.0042010
18940.0000000,0.0042578
18950.0000000,0.0097381
18960.0000000,0.0005269
18970.0000000,0.0005269
18980.0000000,0.0042578
18990.0000000,0.0005269
19000.0000000,0.0090425
19010.0000000,0.0105878
19020.0000000,0.0005269
19030.0000000,0.0058031
19040.0000000,0.0057609
19050.0000000,0.0042578
19060.0000000,0.0106300
19070.0000000,0.0042578
19080.0000000,0.0005269
19090.0000000,0.0042578
19100.0000000,0.0005269
19110.0000000,0.0105878
19120.0000000,0.0105878
19130.0000000,0.0058031
19140.0000000,0.0058031
19150.0000000,0.0058031
19160.0000000,0.0105878
19170.0000000,0.0005269
19180.0000000,0.0053115
19190.0000000,0.0053115
19200.0000000,0.0058031
19210.0000000,0.0058031
19220.0000000,0.0053115
19230.0000000,0.0058031
19240.0000000,0.0010184
19250.0000000,0.0010184
19260.0000000,0.0057609
19270.0000000,0.0105878
19280.0000000,0.0010184
19290.0000000,0.0009762
19300.0000000,0.0058031
19310.0000000,0.0058031
19320.0000000,0.0005269
19330.0000000,0.0010184
19340.0000000,0.0058031
19350.0000000,0.0009762
19360.0000000,0.0056390
19370.0000000,0.0105878
19380.0000000,0.0058031
19390.0000000,0.0058031
19400.0000000,0.0053115
19410.0000000,0.0010184
19420.0000000,0.0058031
19430.0000000,0.0010184
19440.0000000,0.0103509
19450.0000000,0.0053115
19460.0000000,0.0104237
19470.0000000,0.0058031
19480.0000000,0.0058031
19490.0000000,0.0010184
19500.0000000,0.0058031
19510.0000000,0.0010184
19520.0000000,0.0008543
19530.0000000,0.0056390
19540.0000000,0.0037663
19550.0000000,0.0010184
19560.0000000,0.0008543
19570.0000000,0.0010184
19580.0000000,0.0056390
19590.0000000,0.0056390
19600.0000000,0.0056390
19610.0000000,0.0008543
19620.0000000,0.0008543
19630.0000000,0.0010184
19640.0000000,0.0008543
19650.0000000,0.0010184
19660.0000000,0.0109353
19670.0000000,0.0056390
19680.0000000,0.0037663
19690.0000000,0.0109353
19700.0000000,0.0010184
19710.0000000,0.0037663
19720.0000000,0.0056390
19730.0000000,0.0104237
19740.0000000,0.0056390
19750.0000000,0.0055662
19760.0000000,0.0008543
19770.0000000,0.0109353
19780.0000000,0.0007815
19790.0000000,0.0085510
19800.0000000,0.0056390
19810.0000000,0.0008543
19820.0000000,0.0109353
19830.0000000,0.0056390
19840.0000000,0.0008543
19850.0000000,0.0039304
19860.0000000,0.0037663
19870.0000000,0.0008543
19880.0000000,0.0109353
19890.0000000,0.0109353
19900.0000000,0.0008543
19910.0000000,0.0007815
19920.0000000,0.0061506
19930.0000000,0.0060778
19940.0000000,0.0061506
19950.0000000,0.0039304
19960.0000000,0.0039304
19970.0000000,0.0008543
19980.0000000,0.0012931
19990.0000000,0.0008543
20000.0000000,0.0056390
20010.0000000,0.0061506
20020.0000000,0.0039304
20030.0000000,0.0039304
20040.0000000,0.0013659
20050.0000000,0.0012931
20060.0000000,0.0008543
20070.0000000,0.0039304
20080.0000000,0.0055662
20090.0000000,0.0008543
20100.0000000,0.0013659
20110.0000000,0.0056390
20120.0000000,0.0039304
20130.0000000,0.0039304
20140.0000000,0.0061506
20150.0000000,0.0087151
20160.0000000,0.0008543
20170.0000000,0.0013659
20180.0000000,0.0140951
20190.0000000,0.0061506
20200.0000000,0.0013659
20210.0000000,0.0061506
20220.0000000,0.0013659
20230.0000000,0.0013659
20240.0000000,0.0039304
20250.0000000,0.0039304
20260.0000000,0.0081306
20270.0000000,0.0060778
20280.0000000,0.0012931
20290.0000000,0.0039304
20300.0000000,0.0039304
20310.0000000,0.0060778
20320.0000000,0.0013659
20330.0000000,0.0013659
20340.0000000,0.0013659
20350.0000000,0.0140951
20360.0000000,0.0013659
20370.0000000,0.0061506
20380.0000000,0.0039304
20390.0000000,0.0093104
20400.0000000,0.0013659
20410.0000000,0.0013659
20420.0000000,0.0013659
20430.0000000,0.0013659
20440.0000000,0.0039304
20450.0000000,0.0039304
20460.0000000,0.0140951
20470.0000000,0.0013659
20480.0000000,0.0013659
20490.0000000,0.0093104
20500.0000000,0.0093104
20510.0000000,0.0093104
20520.0000000,0.0013659
20530.0000000,0.0061506
20540.0000000,0.0013659
20550.0000000,0.0092376
20560.0000000,0.0092376
20570.0000000,0.0093104
20580.0000000,0.0093104
20590.0000000,0.0045257
20600.0000000,0.0093104
20610.0000000,0.0045257
20620.0000000,0.0093104
20630.0000000,0.0093104
20640.0000000,0.0045257
20650.0000000,0.0045257
20660.0000000,0.0045257
20670.0000000,0.0098109
20680.0000000,0.0045257
20690.0000000,0.0093104
20700.0000000,0.0045257
20710.0000000,0.0097382
20720.0000000,0.0092376
20730.0000000,0.0093104
20740.0000000,0.0092376
20750.0000000,0.0045257
20760.0000000,0.0093104
20770.0000000,0.0145228
20780.0000000,0.0045257
20790.0000000,0.0093104
20800.0000000,0.0002590
20810.0000000,0.0193802
20820.0000000,0.0034188
20830.0000000,0.0045257
20840.0000000,0.0034188
20850.0000000,0.0034915
20860.0000000,0.0034915
20870.0000000,0.0034188
20880.0000000,0.0093104
20890.0000000,0.0034188
20900.0000000,0.0034188
20910.0000000,0.0045257
20920.0000000,0.0045257
20930.0000000,0.0093104
20940.0000000,0.0013659
20950.0000000,0.0034188
20960.0000000,0.0045257
20970.0000000,0.0093104
20980.0000000,0.0002590
20990.0000000,0.0012931
21000.0000000,0.0045257
21010.0000000,0.0050262
21020.0000000,0.0001861
21030.0000000,0.0044529
21040.0000000,0.0093104
21050.0000000,0.0045257
21060.0000000,0.0140951
21070.0000000,0.0045257
21080.0000000,0.0093104
21090.0000000,0.0050262
21100.0000000,0.0034188
21110.0000000,0.0045257
21120.0000000,0.0098109
21130.0000000,0.0045257
21140.0000000,0.0045257
21150.0000000,0.0002590
21160.0000000,0.0034188
21170.0000000,0.0129881
21180.0000000,0.0050437
21190.0000000,0.0045257
21200.0000000,0.0093104
21210.0000000,0.0045257
21220.0000000,0.0002590
21230.0000000,0.0193802
21240.0000000,0.0093104
21250.0000000,0.0034188
21260.0000000,0.0002590
21270.0000000,0.0145956
21280.0000000,0.0050262
21290.0000000,0.0098109
21300.0000000,0.0002590
21310.0000000,0.0050262
21320.0000000,0.0002590
21330.0000000,0.0049535
21340.0000000,0.0098109
21350.0000000,0.0045257
21360.0000000,0.0081306
21370.0000000,0.0097382
21380.0000000,0.0001688
21390.0000000,0.0050262
21400.0000000,0.0097382
21410.0000000,0.0098109
21420.0000000,0.0002590
21430.0000000,0.0050262
21440.0000000,0.0002590
21450.0000000,0.0045257
21460.0000000,0.0143525
21470.0000000,0.0002590
21480.0000000,0.0002590
21490.0000000,0.0050262