Time (seconds), abs_residuals
0.0000000,0.0391926
10.0000000,0.1102607
20.0000000,0.0835897
30.0000000,0.0451604
40.0000000,0.0854241
50.0000000,0.0489447
60.0000000,0.0685833
70.0000000,0.0498474
80.0000000,0.0323671
90.0000000,0.0644236
100.0000000,0.0064273
110.0000000,0.0548156
120.0000000,0.0357161
130.0000000,0.0292804
140.0000000,0.0259344
150.0000000,0.0032024
160.0000000,0.0501293
170.0000000,0.0163492
180.0000000,0.0111726
190.0000000,0.0401957
200.0000000,0.0064047
210.0000000,0.0353476
220.0000000,0.0031554
230.0000000,0.0101376
240.0000000,0.0443505
250.0000000,0.0199959
260.0000000,0.0102691
270.0000000,0.0199392
280.0000000,0.0183079
290.0000000,0.0430162
300.0000000,0.0151949
310.0000000,0.0007839
320.0000000,0.0330523
330.0000000,0.0141729
340.0000000,0.0041397
350.0000000,0.0427362
360.0000000,0.0149779
370.0000000,0.0232963
380.0000000,0.0143085
390.0000000,0.0089975
400.0000000,0.0142154
410.0000000,0.0185845
420.0000000,0.0333074
430.0000000,0.0142147
440.0000000,0.0090136
450.0000000,0.0142150
460.0000000,0.0101040
470.0000000,0.0284073
480.0000000,0.0005355
490.0000000,0.0051952
500.0000000,0.0100317
510.0000000,0.0005522
520.0000000,0.0292035
530.0000000,0.0048943
540.0000000,0.0291313
550.0000000,0.0148965
560.0000000,0.0048327
570.0000000,0.0383059
580.0000000,0.0192211
590.0000000,0.0237154
600.0000000,0.0145666
610.0000000,0.0477514
620.0000000,0.0371854
630.0000000,0.0549351
640.0000000,0.0263193
650.0000000,0.0017527
660.0000000,0.0103509
670.0000000,0.0394359
680.0000000,0.0394354
690.0000000,0.0055341
700.0000000,0.0026792
710.0000000,0.0147886
720.0000000,0.0093335
730.0000000,0.0059722
740.0000000,0.0041351
750.0000000,0.0220328
760.0000000,0.0079055
770.0000000,0.0201183
780.0000000,0.0177751
790.0000000,0.0229837
800.0000000,0.0049556
810.0000000,0.0263094
820.0000000,0.0069320
830.0000000,0.0352026
840.0000000,0.0209605
850.0000000,0.0310509
860.0000000,0.0024121
870.0000000,0.0202229
880.0000000,0.0111796
890.0000000,0.0172758
900.0000000,0.0163194
910.0000000,0.0306162
920.0000000,0.0124935
930.0000000,0.0019091
940.0000000,0.0061269
950.0000000,0.0257521
960.0000000,0.0020086
970.0000000,0.0023741
980.0000000,0.0109638
990.0000000,0.0305361
1000.0000000,0.0066855
1010.0000000,0.0018308
1020.0000000,0.0071629
1030.0000000,0.0309344
1040.0000000,0.0050811
1050.0000000,0.0122054
1060.0000000,0.0094491
1070.0000000,0.0336450
1080.0000000,0.0045407
1090.0000000,0.0146054
1100.0000000,0.0047297
1110.0000000,0.0289092
1120.0000000,0.0237380
1130.0000000,0.0005431
1140.0000000,0.0001786
1150.0000000,0.0340259
1160.0000000,0.0103725
1170.0000000,0.0006541
1180.0000000,0.0383756
1190.0000000,0.0185416
1200.0000000,0.0043053
1210.0000000,0.1153484
1220.0000000,0.0882065
1230.0000000,0.0755124
1240.0000000,0.0317319
1250.0000000,0.0077089
1260.0000000,0.0139381
1270.0000000,0.0412613
1280.0000000,0.0015709
1290.0000000,0.0345224
1300.0000000,0.0156432
1310.0000000,0.0150920
1320.0000000,0.0566010
1330.0000000,0.0144504
1340.0000000,0.0320421
1350.0000000,0.0699318
1360.0000000,0.0210017
1370.0000000,0.0529006
1380.0000000,0.0241461
1390.0000000,0.0408312
1400.0000000,0.0287844
1410.0000000,0.0624868
1420.0000000,0.0249273
1430.0000000,0.0250619
1440.0000000,0.0272358
1450.0000000,0.0439122
1460.0000000,0.0360735
1470.0000000,0.0593840
1480.0000000,0.0441837
1490.0000000,0.0426658
1500.0000000,0.0343571
1510.0000000,0.0272281
1520.0000000,0.0037792
1530.0000000,0.0200771
1540.0000000,0.0391686
1550.0000000,0.0187754
1560.0000000,0.0410983
1570.0000000,0.0368591
1580.0000000,0.0619955
1590.0000000,0.0416564
1600.0000000,0.0633495
1610.0000000,0.0378243
1620.0000000,0.0518908
1630.0000000,0.0762577
1640.0000000,0.0418202
1650.0000000,0.0340805
1660.0000000,0.0014611
1670.0000000,0.0284653
1680.0000000,0.0078347
1690.0000000,0.0223373
1700.0000000,0.0206943
1710.0000000,0.0619513
1720.0000000,0.0293536
1730.0000000,0.0445611
1740.0000000,0.0302688
1750.0000000,0.0702038
1760.0000000,0.0119781
1770.0000000,0.0334806
1780.0000000,0.0276057
1790.0000000,0.0371696
1800.0000000,0.0590669
1810.0000000,0.1381332
1820.0000000,0.0753522
1830.0000000,0.1024351
1840.0000000,0.0834415
1850.0000000,0.0431170
1860.0000000,0.0620126
1870.0000000,0.0480942
1880.0000000,0.0047016
1890.0000000,0.0245448
1900.0000000,0.0272971
1910.0000000,0.0155308
1920.0000000,0.0094131
1930.0000000,0.0273344
1940.0000000,0.0100954
1950.0000000,0.0168551
1960.0000000,0.0325131
1970.0000000,0.0164974
1980.0000000,0.0306280
1990.0000000,0.0022325
2000.0000000,0.0300743
2010.0000000,0.0021898
2020.0000000,0.0013374
2030.0000000,0.0305836
2040.0000000,0.0113280
2050.0000000,0.0019174
2060.0000000,0.0314075
2070.0000000,0.0353684
2080.0000000,0.0073008
2090.0000000,0.0024697
2100.0000000,0.0215203
2110.0000000,0.0303044
2120.0000000,0.0018538
2130.0000000,0.0073238
2140.0000000,0.0157163
2150.0000000,0.0066365
2160.0000000,0.0065891
2170.0000000,0.0016452
2180.0000000,0.0351201
2190.0000000,0.0307663
2200.0000000,0.0022720
2210.0000000,0.0303949
2220.0000000,0.0030077
2230.0000000,0.0207186
2240.0000000,0.0021982
2250.0000000,0.0156069
2260.0000000,0.0032137
2270.0000000,0.0263432
2280.0000000,0.0312826
2290.0000000,0.0123094
2300.0000000,0.0309304
2310.0000000,0.0021281
2320.0000000,0.0028866
2330.0000000,0.0309491
2340.0000000,0.0076141
2350.0000000,0.0074416
2360.0000000,0.0016843
2370.0000000,0.0120383
2380.0000000,0.0136458
2390.0000000,0.0213561
2400.0000000,0.0289260
2410.0000000,0.0352741
2420.0000000,0.0601360
2430.0000000,0.0127512
2440.0000000,0.0168548
2450.0000000,0.0264814
2460.0000000,0.0006512
2470.0000000,0.0101758
2480.0000000,0.0338709
2490.0000000,0.0151519
2500.0000000,0.0006927
2510.0000000,0.0105380
2520.0000000,0.0088542
2530.0000000,0.0338986
2540.0000000,0.0151091
2550.0000000,0.0009866
2560.0000000,0.0295186
2570.0000000,0.0279340
2580.0000000,0.0009084
2590.0000000,0.0010994
2600.0000000,0.0038798
2610.0000000,0.0053050
2620.0000000,0.0327635
2630.0000000,0.0198064
2640.0000000,0.0180841
2650.0000000,0.0031394
2660.0000000,0.0042533
2670.0000000,0.0086617
2680.0000000,0.0032215
2690.0000000,0.0247845
2700.0000000,0.0140082
2710.0000000,0.0178311
2720.0000000,0.0278324
2730.0000000,0.0083064
2740.0000000,0.0109953
2750.0000000,0.0017134
2760.0000000,0.0129211
2770.0000000,0.0039742
2780.0000000,0.0274004
2790.0000000,0.0254810
2800.0000000,0.0031795
2810.0000000,0.0204601
2820.0000000,0.0086170
2830.0000000,0.0004867
2840.0000000,0.0279786
2850.0000000,0.0340512
2860.0000000,0.0037183
2870.0000000,0.0038454
2880.0000000,0.0005750
2890.0000000,0.0232197
2900.0000000,0.0246892
2910.0000000,0.0278365
2920.0000000,0.0030900
2930.0000000,0.0178813
2940.0000000,0.0279375
2950.0000000,0.0104404
2960.0000000,0.0060489
2970.0000000,0.0151198
2980.0000000,0.0055381
2990.0000000,0.0089143
3000.0000000,0.0201487
3010.0000000,0.0330110
3020.0000000,0.0931647
3030.0000000,0.0806829
3040.0000000,0.0754185
3050.0000000,0.0663279
3060.0000000,0.0827871
3070.0000000,0.0643707
3080.0000000,0.0584338
3090.0000000,0.0735593
3100.0000000,0.0774495
3110.0000000,0.0275173
3120.0000000,0.0257280
3130.0000000,0.0372378
3140.0000000,0.0530395
3150.0000000,0.0118128
3160.0000000,0.0147623
3170.0000000,0.0153548
3180.0000000,0.0138671
3190.0000000,0.0077075
3200.0000000,0.0102222
3210.0000000,0.0447440
3220.0000000,0.0381910
3230.0000000,0.0183830
3240.0000000,0.0064942
3250.0000000,0.0084876
3260.0000000,0.0126741
3270.0000000,0.0171717
3280.0000000,0.0274063
3290.0000000,0.0137084
3300.0000000,0.0219040
3310.0000000,0.0448675
3320.0000000,0.0188034
3330.0000000,0.0137948
3340.0000000,0.0165447
3350.0000000,0.0281159
3360.0000000,0.0240834
3370.0000000,0.0250671
3380.0000000,0.0579074
3390.0000000,0.0244288
3400.0000000,0.0314188
3410.0000000,0.0134405
3420.0000000,0.0281751
3430.0000000,0.0022919
3440.0000000,0.0138814
3450.0000000,0.0527357
3460.0000000,0.0234775
3470.0000000,0.0362179
3480.0000000,0.0395803
3490.0000000,0.0150494
3500.0000000,0.0210099
3510.0000000,0.0244342
3520.0000000,0.0098567
3530.0000000,0.0384711
3540.0000000,0.0152852
3550.0000000,0.0226293
3560.0000000,0.0309640
3570.0000000,0.0323298
3580.0000000,0.0538972
3590.0000000,0.0358465
3600.0000000,0.0448677
3610.0000000,0.0373898
3620.0000000,0.0009811
3630.0000000,0.0182306
3640.0000000,0.0213125
3650.0000000,0.0015226
3660.0000000,0.0048382
3670.0000000,0.0414314
3680.0000000,0.0062244
3690.0000000,0.0217692
3700.0000000,0.0223568
3710.0000000,0.0277504
3720.0000000,0.0158387
3730.0000000,0.0246431
3740.0000000,0.0038320
3750.0000000,0.0021698
3760.0000000,0.0005892
3770.0000000,0.0316594
3780.0000000,0.0253747
3790.0000000,0.0066259
3800.0000000,0.0197419
3810.0000000,0.0292055
3820.0000000,0.0013477
3830.0000000,0.0040243
3840.0000000,0.0242172
3850.0000000,0.0237390
3860.0000000,0.0094859
3870.0000000,0.0402205
3880.0000000,0.0146405
3890.0000000,0.0376571
3900.0000000,0.0050269
3910.0000000,0.0103754
3920.0000000,0.0112627
3930.0000000,0.0007653
3940.0000000,0.0125052
3950.0000000,0.0079467
3960.0000000,0.0162275
3970.0000000,0.0177788
3980.0000000,0.0093108
3990.0000000,0.0334317
4000.0000000,0.0095556
4010.0000000,0.0183560
4020.0000000,0.0137466
4030.0000000,0.0168017
4040.0000000,0.0157119
4050.0000000,0.0037601
4060.0000000,0.0033181
4070.0000000,0.0101902
4080.0000000,0.0156630
4090.0000000,0.0389968
4100.0000000,0.0166020
4110.0000000,0.0265526
4120.0000000,0.0456197
4130.0000000,0.0022118
4140.0000000,0.0073368
4150.0000000,0.0265677
4160.0000000,0.0127445
4170.0000000,0.0463730
4180.0000000,0.0062667
4190.0000000,0.0158163