Time (seconds),pred_0
107420.00000,0.12801
107430.00000,0.12801
107440.00000,0.13397
107450.00000,0.12801
107460.00000,0.12801
107470.00000,0.12801
107480.00000,0.12801
107490.00000,0.13397
107500.00000,0.12801
107510.00000,0.12801
107520.00000,0.12801
107530.00000,0.12801
107540.00000,0.12435
107550.00000,0.12435
107560.00000,0.12801
107570.00000,0.13397
107580.00000,0.12801
107590.00000,0.12801
107600.00000,0.12801
107610.00000,0.13397
107620.00000,0.12801
107630.00000,0.12801
107640.00000,0.12801
107650.00000,0.12801
107660.00000,0.12435
107670.00000,0.12801
107680.00000,0.12801
107690.00000,0.12801
107700.00000,0.12801
107710.00000,0.12801
107720.00000,0.12801
107730.00000,0.12801
107740.00000,0.13397
107750.00000,0.12801
107760.00000,0.13397
107770.00000,0.13397
107780.00000,0.12801
107790.00000,0.13397
107800.00000,0.13397
107810.00000,0.13397
107820.00000,0.12801
107830.00000,0.12801
107840.00000,0.12801
107850.00000,0.12801
107860.00000,0.12801
107870.00000,0.12435
107880.00000,0.12801
107890.00000,0.12801
107900.00000,0.12801
107910.00000,0.12801
107920.00000,0.12801
107930.00000,0.12801
107940.00000,0.12801
107950.00000,0.12801
107960.00000,0.12801
107970.00000,0.13397
107980.00000,0.12801
107990.00000,0.12801
108000.00000,0.12801
108010.00000,0.12801
108020.00000,0.13397
108030.00000,0.12801
108040.00000,0.12801
108050.00000,0.13397
108060.00000,0.13397
108070.00000,0.13397
108080.00000,0.13397
108090.00000,0.12801
108100.00000,0.12801
108110.00000,0.13397
108120.00000,0.12801
108130.00000,0.13397
108140.00000,0.12801
108150.00000,0.12801
108160.00000,0.12801
108170.00000,0.13397
108180.00000,0.12435
108190.00000,0.12801
108200.00000,0.12801
108210.00000,0.12801
108220.00000,0.12801
108230.00000,0.12801
108240.00000,0.13397
108250.00000,0.13397
108260.00000,0.12801
108270.00000,0.13397
108280.00000,0.12801
108290.00000,0.12801
108300.00000,0.12801
108310.00000,0.13851
108320.00000,0.12801
108330.00000,0.12801
108340.00000,0.12801
108350.00000,0.13397
108360.00000,0.12801
108370.00000,0.12435
108380.00000,0.13397
108390.00000,0.12801
108400.00000,0.12801
108410.00000,0.12801
108420.00000,0.12801
108430.00000,0.12801
108440.00000,0.12801
108450.00000,0.12801
108460.00000,0.12801
108470.00000,0.12801
108480.00000,0.13397
108490.00000,0.12801
108500.00000,0.12801
108510.00000,0.12801
108520.00000,0.12801
108530.00000,0.12801
108540.00000,0.12801
108550.00000,0.13397
108560.00000,0.12801
108570.00000,0.12801
108580.00000,0.12435
108590.00000,0.12801
108600.00000,0.12801
108610.00000,0.12801
108620.00000,0.12801
108630.00000,0.12801
108640.00000,0.12801
108650.00000,0.12801
108660.00000,0.12801
108670.00000,0.12801
108680.00000,0.13397
108690.00000,0.13397
108700.00000,0.12801
108710.00000,0.12801
108720.00000,0.12801
108730.00000,0.12801
108740.00000,0.12801
108750.00000,0.12801
108760.00000,0.13398
108770.00000,0.13397
108780.00000,0.13397
108790.00000,0.12435
108800.00000,0.12801
108810.00000,0.12801
108820.00000,0.13397
108830.00000,0.13397
108840.00000,0.12801
108850.00000,0.12801
108860.00000,0.12801
108870.00000,0.12801
108880.00000,0.12435
108890.00000,0.12801
108900.00000,0.12801
108910.00000,0.12801
108920.00000,0.13397
108930.00000,0.12801
108940.00000,0.12801
108950.00000,0.13397
108960.00000,0.12801
108970.00000,0.12801
108980.00000,0.12801
108990.00000,0.12801
109000.00000,0.12801
109010.00000,0.12801
109020.00000,0.13397
109030.00000,0.13398
109040.00000,0.13397
109050.00000,0.12801
109060.00000,0.13397
109070.00000,0.12801
109080.00000,0.13397
109090.00000,0.12801
109100.00000,0.12801
109110.00000,0.12801
109120.00000,0.12801
109130.00000,0.12801
109140.00000,0.12435
109150.00000,0.13397
109160.00000,0.12801
109170.00000,0.12801
109180.00000,0.12801
109190.00000,0.12435
109200.00000,0.13397
109210.00000,0.12801
109220.00000,0.13397
109230.00000,0.13397
109240.00000,0.12801
109250.00000,0.12801
109260.00000,0.13397
109270.00000,0.12801
109280.00000,0.12801
109290.00000,0.12435
109300.00000,0.12801
109310.00000,0.12801
109320.00000,0.13397
109330.00000,0.12801
109340.00000,0.13397
109350.00000,0.12801
109360.00000,0.12801
109370.00000,0.12801
109380.00000,0.12435
109390.00000,0.12801
109400.00000,0.12801
109410.00000,0.13397
109420.00000,0.12801
109430.00000,0.12801
109440.00000,0.12801
109450.00000,0.12801
109460.00000,0.13397
109470.00000,0.12435
109480.00000,0.12801
109490.00000,0.12801
109500.00000,0.12801
109510.00000,0.12801
109520.00000,0.12801
109530.00000,0.12801
109540.00000,0.12801
109550.00000,0.13397
109560.00000,0.12801
109570.00000,0.12801
109580.00000,0.12801
109590.00000,0.12801
109600.00000,0.13397
109610.00000,0.13397
109620.00000,0.13397
109630.00000,0.13398
109640.00000,0.12801
109650.00000,0.13397
109660.00000,0.12801
109670.00000,0.12801
109680.00000,0.12801
109690.00000,0.13397
109700.00000,0.12801
109710.00000,0.13397
109720.00000,0.13397
109730.00000,0.12801
109740.00000,0.12801
109750.00000,0.12801
109760.00000,0.12801
109770.00000,0.12801
109780.00000,0.13397
109790.00000,0.12801
109800.00000,0.12435
109810.00000,0.12435
109820.00000,0.13397
109830.00000,0.12801
109840.00000,0.13397
109850.00000,0.12801
109860.00000,0.13397
109870.00000,0.12801
109880.00000,0.13397
109890.00000,0.12801
109900.00000,0.12801
109910.00000,0.12801
109920.00000,0.13397
109930.00000,0.12801
109940.00000,0.12801
109950.00000,0.12801
109960.00000,0.13397
109970.00000,0.12801
109980.00000,0.12801
109990.00000,0.13397
110000.00000,0.12801
110010.00000,0.12435
110020.00000,0.12801
110030.00000,0.12801
110040.00000,0.13397
110050.00000,0.12801
110060.00000,0.12435
110070.00000,0.12801
110080.00000,0.12435
110090.00000,0.12435
110100.00000,0.12435
110110.00000,0.12801
110120.00000,0.12801
110130.00000,0.12801
110140.00000,0.12801
110150.00000,0.13397
110160.00000,0.12801
110170.00000,0.12801
110180.00000,0.12801
110190.00000,0.12435
110200.00000,0.12435
110210.00000,0.12435
110220.00000,0.12435
110230.00000,0.12801
110240.00000,0.12801
110250.00000,0.12801
110260.00000,0.12801
110270.00000,0.12801
110280.00000,0.12801
110290.00000,0.12435
110300.00000,0.12801
110310.00000,0.12801
110320.00000,0.12435
110330.00000,0.12801
110340.00000,0.12801
110350.00000,0.12801
110360.00000,0.12801
110370.00000,0.12801
110380.00000,0.12801
110390.00000,0.12435
110400.00000,0.12801
110410.00000,0.12435
110420.00000,0.13397
110430.00000,0.13397
110440.00000,0.12435
110450.00000,0.12801
110460.00000,0.13397
110470.00000,0.12801
110480.00000,0.12801
110490.00000,0.12801
110500.00000,0.12435
110510.00000,0.13397
110520.00000,0.12801
110530.00000,0.12801
110540.00000,0.12801
110550.00000,0.13397
110560.00000,0.12801
110570.00000,0.13397
110580.00000,0.12801
110590.00000,0.12801
110600.00000,0.12801
110610.00000,0.13397
110620.00000,0.12801
110630.00000,0.12801
110640.00000,0.12801
110650.00000,0.12801
110660.00000,0.12435
110670.00000,0.12801
110680.00000,0.12435
110690.00000,0.13397
110700.00000,0.13397
110710.00000,0.12435
110720.00000,0.12801
110730.00000,0.13397
110740.00000,0.12801
110750.00000,0.12801
110760.00000,0.12435
110770.00000,0.12801
110780.00000,0.12801
110790.00000,0.12801
110800.00000,0.12801
110810.00000,0.12801
110820.00000,0.12801
110830.00000,0.12801
110840.00000,0.12801
110850.00000,0.12801
110860.00000,0.12801
110870.00000,0.12801
110880.00000,0.12801
110890.00000,0.12801
110900.00000,0.12801
110910.00000,0.12435
110920.00000,0.12801
110930.00000,0.12801
110940.00000,0.12801
110950.00000,0.12801
110960.00000,0.13397
110970.00000,0.12801
110980.00000,0.12801
110990.00000,0.12801
111000.00000,0.13397
111010.00000,0.12801
111020.00000,0.12801
111030.00000,0.13397
111040.00000,0.12801
111050.00000,0.12801
111060.00000,0.12801
111070.00000,0.12801
111080.00000,0.13397
111090.00000,0.12801
111100.00000,0.12801
111110.00000,0.12435
111120.00000,0.12801
111130.00000,0.12801
111140.00000,0.13397
111150.00000,0.13397
111160.00000,0.13397
111170.00000,0.12801
111180.00000,0.12801
111190.00000,0.13397
111200.00000,0.12801
111210.00000,0.12801
111220.00000,0.12801
111230.00000,0.12801
111240.00000,0.12435
111250.00000,0.12435
111260.00000,0.12801
111270.00000,0.12801
111280.00000,0.13397
111290.00000,0.12801
111300.00000,0.12801
111310.00000,0.12801
111320.00000,0.12435
111330.00000,0.12435
111340.00000,0.12435
111350.00000,0.12801
111360.00000,0.12801
111370.00000,0.12801
111380.00000,0.12801
111390.00000,0.12801
111400.00000,0.12435
111410.00000,0.12435
111420.00000,0.12435
111430.00000,0.12435
111440.00000,0.12801
111450.00000,0.12801
111460.00000,0.12435
111470.00000,0.12801
111480.00000,0.12435
111490.00000,0.12801
111500.00000,0.12801
111510.00000,0.12801
111520.00000,0.12435
111530.00000,0.12801
111540.00000,0.12435
111550.00000,0.12801
111560.00000,0.12435
111570.00000,0.12801
111580.00000,0.13397
111590.00000,0.12801
111600.00000,0.12801
111610.00000,0.12801
111620.00000,0.12089
111630.00000,0.12801
111640.00000,0.12435
111650.00000,0.12801
111660.00000,0.12801
111670.00000,0.12801
111680.00000,0.12801
111690.00000,0.12801
111700.00000,0.12801
111710.00000,0.12801
111720.00000,0.12801
111730.00000,0.12801
111740.00000,0.12435
111750.00000,0.12435
111760.00000,0.12801
111770.00000,0.12801
111780.00000,0.12801
111790.00000,0.12435
111800.00000,0.12801
111810.00000,0.12435
111820.00000,0.12801
111830.00000,0.12801
111840.00000,0.12801
111850.00000,0.12801
111860.00000,0.12801
111870.00000,0.12801
111880.00000,0.12801
111890.00000,0.12435
111900.00000,0.12801
111910.00000,0.12801
111920.00000,0.13397
111930.00000,0.12435
111940.00000,0.12801
111950.00000,0.12435
111960.00000,0.12801
111970.00000,0.13397
111980.00000,0.12801
111990.00000,0.13397
112000.00000,0.12801
112010.00000,0.12801
112020.00000,0.12801
112030.00000,0.12435
112040.00000,0.12801
112050.00000,0.12801
112060.00000,0.12435
112070.00000,0.12435
112080.00000,0.12801
112090.00000,0.12801
112100.00000,0.12801
112110.00000,0.12801
112120.00000,0.12435
112130.00000,0.12801
112140.00000,0.12435
112150.00000,0.12801
112160.00000,0.12801
112170.00000,0.12801
112180.00000,0.12435
112190.00000,0.12801
112200.00000,0.12801
112210.00000,0.12435
112220.00000,0.12801
112230.00000,0.12801
112240.00000,0.12801
112250.00000,0.12801
112260.00000,0.12801
112270.00000,0.12801
112280.00000,0.12801
112290.00000,0.12435
112300.00000,0.12801
112310.00000,0.13397
112320.00000,0.12801
112330.00000,0.12801
112340.00000,0.12801
112350.00000,0.12435
112360.00000,0.12435
112370.00000,0.12801
112380.00000,0.12801
112390.00000,0.12801
112400.00000,0.12801
112410.00000,0.12801
112420.00000,0.12435
112430.00000,0.13397
112440.00000,0.12435
112450.00000,0.12435
112460.00000,0.12435
112470.00000,0.12801
112480.00000,0.12801
112490.00000,0.12435
112500.00000,0.12435
112510.00000,0.12801
112520.00000,0.12801
112530.00000,0.12801
112540.00000,0.12089
112550.00000,0.12801
112560.00000,0.12801
112570.00000,0.12801
112580.00000,0.12435
112590.00000,0.12801
112600.00000,0.12801
112610.00000,0.12435
112620.00000,0.12801
112630.00000,0.12801
112640.00000,0.12801
112650.00000,0.12801
112660.00000,0.12801
112670.00000,0.12801
112680.00000,0.12801
112690.00000,0.12801
112700.00000,0.12801
112710.00000,0.12801
112720.00000,0.12801
112730.00000,0.12801
112740.00000,0.12435
112750.00000,0.13397
112760.00000,0.12435
112770.00000,0.13397
112780.00000,0.12801
