Time (seconds),pred_0
32240.00000,0.12435
32250.00000,0.12435
32260.00000,0.12801
32270.00000,0.12435
32280.00000,0.12801
32290.00000,0.12435
32300.00000,0.12435
32310.00000,0.12435
32320.00000,0.12435
32330.00000,0.12435
32340.00000,0.12801
32350.00000,0.12435
32360.00000,0.12435
32370.00000,0.12801
32380.00000,0.12435
32390.00000,0.12435
32400.00000,0.12435
32410.00000,0.12435
32420.00000,0.12435
32430.00000,0.12801
32440.00000,0.12435
32450.00000,0.12435
32460.00000,0.12801
32470.00000,0.12801
32480.00000,0.12435
32490.00000,0.12801
32500.00000,0.12801
32510.00000,0.13397
32520.00000,0.12801
32530.00000,0.12801
32540.00000,0.12801
32550.00000,0.12801
32560.00000,0.12435
32570.00000,0.12801
32580.00000,0.12435
32590.00000,0.12801
32600.00000,0.12801
32610.00000,0.12435
32620.00000,0.12801
32630.00000,0.12435
32640.00000,0.12435
32650.00000,0.12435
32660.00000,0.12801
32670.00000,0.12801
32680.00000,0.12435
32690.00000,0.12801
32700.00000,0.12435
32710.00000,0.12801
32720.00000,0.12801
32730.00000,0.12435
32740.00000,0.12801
32750.00000,0.12435
32760.00000,0.12801
32770.00000,0.12801
32780.00000,0.12435
32790.00000,0.12801
32800.00000,0.12801
32810.00000,0.12801
32820.00000,0.12435
32830.00000,0.12801
32840.00000,0.12435
32850.00000,0.12089
32860.00000,0.12801
32870.00000,0.12435
32880.00000,0.13398
32890.00000,0.12801
32900.00000,0.12801
32910.00000,0.12801
32920.00000,0.12801
32930.00000,0.12801
32940.00000,0.12801
32950.00000,0.12801
32960.00000,0.12801
32970.00000,0.12801
32980.00000,0.12435
32990.00000,0.12801
33000.00000,0.12801
33010.00000,0.12435
33020.00000,0.12435
33030.00000,0.12435
33040.00000,0.12801
33050.00000,0.12435
33060.00000,0.12801
33070.00000,0.12435
33080.00000,0.12435
33090.00000,0.12435
33100.00000,0.12435
33110.00000,0.12435
33120.00000,0.12435
33130.00000,0.12801
33140.00000,0.12435
33150.00000,0.12801
33160.00000,0.12801
33170.00000,0.12801
33180.00000,0.12801
33190.00000,0.12435
33200.00000,0.12801
33210.00000,0.12801
33220.00000,0.12801
33230.00000,0.12801
33240.00000,0.12435
33250.00000,0.12435
33260.00000,0.12801
33270.00000,0.12801
33280.00000,0.12435
33290.00000,0.12801
33300.00000,0.12435
33310.00000,0.12801
33320.00000,0.12435
33330.00000,0.12801
33340.00000,0.12435
33350.00000,0.12435
33360.00000,0.12801
33370.00000,0.12801
33380.00000,0.12801
33390.00000,0.12801
33400.00000,0.12801
33410.00000,0.12435
33420.00000,0.12801
33430.00000,0.12801
33440.00000,0.12435
33450.00000,0.12435
33460.00000,0.12089
33470.00000,0.12801
33480.00000,0.12801
33490.00000,0.12435
33500.00000,0.12435
33510.00000,0.12801
33520.00000,0.12801
33530.00000,0.12435
33540.00000,0.12801
33550.00000,0.12801
33560.00000,0.12089
33570.00000,0.12435
33580.00000,0.12435
33590.00000,0.12435
33600.00000,0.12801
33610.00000,0.12801
33620.00000,0.12801
33630.00000,0.12801
33640.00000,0.12801
33650.00000,0.13397
33660.00000,0.12801
33670.00000,0.12801
33680.00000,0.12435
33690.00000,0.12801
33700.00000,0.12801
33710.00000,0.12089
33720.00000,0.12089
33730.00000,0.12801
33740.00000,0.12801
33750.00000,0.12801
33760.00000,0.12801
33770.00000,0.12435
33780.00000,0.12435
33790.00000,0.12435
33800.00000,0.12801
33810.00000,0.12801
33820.00000,0.12435
33830.00000,0.12435
33840.00000,0.12435
33850.00000,0.12435
33860.00000,0.12435
33870.00000,0.12435
33880.00000,0.12435
33890.00000,0.12801
33900.00000,0.12801
33910.00000,0.12801
33920.00000,0.12801
33930.00000,0.12801
33940.00000,0.12801
33950.00000,0.12801
33960.00000,0.12801
33970.00000,0.12801
33980.00000,0.12801
33990.00000,0.12435
34000.00000,0.12801
34010.00000,0.12801
34020.00000,0.12801
34030.00000,0.12801
34040.00000,0.12801
34050.00000,0.12435
34060.00000,0.12435
34070.00000,0.12435
34080.00000,0.12801
34090.00000,0.12435
34100.00000,0.12435
34110.00000,0.12801
34120.00000,0.12801
34130.00000,0.12435
34140.00000,0.12435
34150.00000,0.12435
34160.00000,0.12801
34170.00000,0.12435
34180.00000,0.12435
34190.00000,0.12435
34200.00000,0.12801
34210.00000,0.12435
34220.00000,0.12435
34230.00000,0.12435
34240.00000,0.12435
34250.00000,0.12435
34260.00000,0.12089
34270.00000,0.12801
34280.00000,0.12435
34290.00000,0.12435
34300.00000,0.12801
34310.00000,0.12801
34320.00000,0.12435
34330.00000,0.12435
34340.00000,0.12435
34350.00000,0.12801
34360.00000,0.12435
34370.00000,0.12435
34380.00000,0.12435
34390.00000,0.12801
34400.00000,0.12435
34410.00000,0.12435
34420.00000,0.12801
34430.00000,0.12435
34440.00000,0.12801
34450.00000,0.12435
34460.00000,0.12435
34470.00000,0.12801
34480.00000,0.12801
34490.00000,0.12435
34500.00000,0.12435
34510.00000,0.12801
34520.00000,0.12435
34530.00000,0.12435
34540.00000,0.12801
34550.00000,0.12435
34560.00000,0.12435
34570.00000,0.12435
34580.00000,0.12435
34590.00000,0.12089
34600.00000,0.12435
34610.00000,0.12435
34620.00000,0.12088
34630.00000,0.12435
34640.00000,0.12435
34650.00000,0.12435
34660.00000,0.12435
34670.00000,0.12435
34680.00000,0.12435
34690.00000,0.12435
34700.00000,0.12435
34710.00000,0.12435
34720.00000,0.12801
34730.00000,0.12435
34740.00000,0.12435
34750.00000,0.12435
34760.00000,0.12435
34770.00000,0.12435
34780.00000,0.12801
34790.00000,0.12435
34800.00000,0.12435
34810.00000,0.12801
34820.00000,0.12801
34830.00000,0.12801
34840.00000,0.12801
34850.00000,0.12435
34860.00000,0.12801
34870.00000,0.12801
34880.00000,0.12435
34890.00000,0.12801
34900.00000,0.12435
34910.00000,0.12435
34920.00000,0.12435
34930.00000,0.12435
34940.00000,0.12435
34950.00000,0.12435
34960.00000,0.12435
34970.00000,0.12435
34980.00000,0.12435
34990.00000,0.12435
35000.00000,0.12801
35010.00000,0.12435
35020.00000,0.12801
35030.00000,0.12435
35040.00000,0.12801
35050.00000,0.12435
35060.00000,0.12435
35070.00000,0.12435
35080.00000,0.12801
35090.00000,0.12801
35100.00000,0.12435
35110.00000,0.12435
35120.00000,0.12435
35130.00000,0.12435
35140.00000,0.12801
35150.00000,0.12801
35160.00000,0.12801
35170.00000,0.12801
35180.00000,0.12801
35190.00000,0.12435
35200.00000,0.12801
35210.00000,0.12435
35220.00000,0.12435
35230.00000,0.12801
35240.00000,0.12435
35250.00000,0.12435
35260.00000,0.12089
35270.00000,0.12435
35280.00000,0.12435
35290.00000,0.12801
35300.00000,0.12089
35310.00000,0.12435
35320.00000,0.13397
35330.00000,0.12435
35340.00000,0.12435
35350.00000,0.12435
35360.00000,0.12435
35370.00000,0.12801
35380.00000,0.12435
35390.00000,0.12801
35400.00000,0.12435
35410.00000,0.12435
35420.00000,0.12801
35430.00000,0.12089
35440.00000,0.12435
35450.00000,0.12435
35460.00000,0.12435
35470.00000,0.12435
35480.00000,0.12089
35490.00000,0.12435
35500.00000,0.12801
35510.00000,0.12435
35520.00000,0.12801
35530.00000,0.12801
35540.00000,0.12435
35550.00000,0.12435
35560.00000,0.12435
35570.00000,0.12801
35580.00000,0.12435
35590.00000,0.12435
35600.00000,0.13397
35610.00000,0.12435
35620.00000,0.12435
35630.00000,0.12801
35640.00000,0.12801
35650.00000,0.12801
35660.00000,0.12435
35670.00000,0.12435
35680.00000,0.12801
35690.00000,0.12435
35700.00000,0.12435
35710.00000,0.12801
35720.00000,0.12435
35730.00000,0.12435
35740.00000,0.12435
35750.00000,0.12435
35760.00000,0.12435
35770.00000,0.12435
35780.00000,0.12435
35790.00000,0.12801
35800.00000,0.12801
35810.00000,0.12435
35820.00000,0.12435
35830.00000,0.12435
35840.00000,0.12089
35850.00000,0.12435
35860.00000,0.12435
35870.00000,0.12089
35880.00000,0.12435
35890.00000,0.12435
35900.00000,0.12435
35910.00000,0.12435
35920.00000,0.12801
35930.00000,0.12435
35940.00000,0.12801
35950.00000,0.12801
35960.00000,0.12801
35970.00000,0.12435
35980.00000,0.13397
35990.00000,0.12435
36000.00000,0.12801
36010.00000,0.12801
36020.00000,0.12801
36030.00000,0.12435
36040.00000,0.12435
36050.00000,0.12435
36060.00000,0.12801
36070.00000,0.12435
36080.00000,0.12435
36090.00000,0.12435
36100.00000,0.12435
36110.00000,0.12801
36120.00000,0.12435
36130.00000,0.12801
36140.00000,0.12801
36150.00000,0.12435
36160.00000,0.12435
36170.00000,0.12801
36180.00000,0.12801
36190.00000,0.12801
36200.00000,0.12801
36210.00000,0.12801
36220.00000,0.12801
36230.00000,0.12801
36240.00000,0.12801
36250.00000,0.12435
36260.00000,0.12435
36270.00000,0.12801
36280.00000,0.12801
36290.00000,0.12435
36300.00000,0.12801
36310.00000,0.12801
36320.00000,0.12435
36330.00000,0.12435
36340.00000,0.12801
36350.00000,0.12801
36360.00000,0.12435
36370.00000,0.12435
36380.00000,0.12801
36390.00000,0.12801
36400.00000,0.12435
36410.00000,0.12801
36420.00000,0.13397
36430.00000,0.12435
36440.00000,0.12435
36450.00000,0.12435
36460.00000,0.12801
36470.00000,0.12801
36480.00000,0.12435
36490.00000,0.12801
36500.00000,0.12801
36510.00000,0.13397
36520.00000,0.12801
36530.00000,0.12801
36540.00000,0.12801
36550.00000,0.12801
36560.00000,0.12801
36570.00000,0.12801
36580.00000,0.12435
36590.00000,0.12801
36600.00000,0.12435
36610.00000,0.12801
36620.00000,0.12801
36630.00000,0.12801
36640.00000,0.12801
36650.00000,0.13398
36660.00000,0.12435
36670.00000,0.12801
36680.00000,0.12435
36690.00000,0.12435
36700.00000,0.12801
36710.00000,0.12801
36720.00000,0.12801
36730.00000,0.12801
36740.00000,0.12801
36750.00000,0.12801
36760.00000,0.12801
36770.00000,0.12435
36780.00000,0.12801
36790.00000,0.12435
36800.00000,0.12801
36810.00000,0.12435
36820.00000,0.12435
36830.00000,0.12435
36840.00000,0.12801
36850.00000,0.12435
36860.00000,0.12435
36870.00000,0.12801
36880.00000,0.12435
36890.00000,0.12435
36900.00000,0.12435
36910.00000,0.12435
36920.00000,0.12435
36930.00000,0.12801
36940.00000,0.12435
36950.00000,0.12801
36960.00000,0.12801
36970.00000,0.12801
36980.00000,0.12801
36990.00000,0.12801
37000.00000,0.12801
37010.00000,0.12435
37020.00000,0.12801
37030.00000,0.12435
37040.00000,0.12435
37050.00000,0.12435
37060.00000,0.12435
37070.00000,0.12435
37080.00000,0.12089
37090.00000,0.12435
37100.00000,0.12801
37110.00000,0.12435
37120.00000,0.12435
37130.00000,0.13397
37140.00000,0.12801
37150.00000,0.12801
37160.00000,0.12801
37170.00000,0.12435
37180.00000,0.12435
37190.00000,0.13397
37200.00000,0.12435
37210.00000,0.12435
37220.00000,0.12435
37230.00000,0.12801
37240.00000,0.12435
37250.00000,0.12801
37260.00000,0.12801
37270.00000,0.12435
37280.00000,0.12435
37290.00000,0.12801
37300.00000,0.12801
37310.00000,0.12801
37320.00000,0.12801
37330.00000,0.12801
37340.00000,0.12435
37350.00000,0.12435
37360.00000,0.12435
37370.00000,0.12801
37380.00000,0.12801
37390.00000,0.12435
37400.00000,0.12435
37410.00000,0.12801
37420.00000,0.12435
37430.00000,0.12801
37440.00000,0.12801
37450.00000,0.12435
37460.00000,0.12435
37470.00000,0.12435
37480.00000,0.12801
37490.00000,0.12089
37500.00000,0.12801
37510.00000,0.12435
37520.00000,0.12435
37530.00000,0.12435
37540.00000,0.12435
37550.00000,0.12801
37560.00000,0.12801
37570.00000,0.12801
37580.00000,0.12801
37590.00000,0.12801
37600.00000,0.12435
