Time (seconds),pred_0
50370.00000,0.12801
50380.00000,0.12435
50390.00000,0.13397
50400.00000,0.13397
50410.00000,0.13397
50420.00000,0.13397
50430.00000,0.13397
50440.00000,0.12801
50450.00000,0.12801
50460.00000,0.12801
50470.00000,0.12801
50480.00000,0.12801
50490.00000,0.12435
50500.00000,0.13397
50510.00000,0.12801
50520.00000,0.13397
50530.00000,0.12801
50540.00000,0.12435
50550.00000,0.12801
50560.00000,0.12801
50570.00000,0.12801
50580.00000,0.12801
50590.00000,0.13397
50600.00000,0.12801
50610.00000,0.13397
50620.00000,0.12801
50630.00000,0.12801
50640.00000,0.13397
50650.00000,0.12801
50660.00000,0.13397
50670.00000,0.13397
50680.00000,0.12801
50690.00000,0.12801
50700.00000,0.12801
50710.00000,0.12801
50720.00000,0.12801
50730.00000,0.13397
50740.00000,0.12801
50750.00000,0.13397
50760.00000,0.13397
50770.00000,0.12801
50780.00000,0.13397
50790.00000,0.13397
50800.00000,0.13397
50810.00000,0.12801
50820.00000,0.13397
50830.00000,0.13397
50840.00000,0.13397
50850.00000,0.12801
50860.00000,0.13397
50870.00000,0.13397
50880.00000,0.13851
50890.00000,0.13397
50900.00000,0.13397
50910.00000,0.13397
50920.00000,0.12801
50930.00000,0.13397
50940.00000,0.12801
50950.00000,0.12801
50960.00000,0.12801
50970.00000,0.12435
50980.00000,0.13397
50990.00000,0.12801
51000.00000,0.13397
51010.00000,0.13851
51020.00000,0.13397
51030.00000,0.12801
51040.00000,0.12801
51050.00000,0.13397
51060.00000,0.13397
51070.00000,0.12801
51080.00000,0.13397
51090.00000,0.13397
51100.00000,0.13397
51110.00000,0.13397
51120.00000,0.13397
51130.00000,0.13397
51140.00000,0.13397
51150.00000,0.13397
51160.00000,0.13397
51170.00000,0.13851
51180.00000,0.12801
51190.00000,0.13397
51200.00000,0.13397
51210.00000,0.13397
51220.00000,0.13397
51230.00000,0.13397
51240.00000,0.13397
51250.00000,0.13397
51260.00000,0.13397
51270.00000,0.13397
51280.00000,0.13397
51290.00000,0.13851
51300.00000,0.13397
51310.00000,0.13397
51320.00000,0.13397
51330.00000,0.13851
51340.00000,0.13851
51350.00000,0.13851
51360.00000,0.13851
51370.00000,0.13851
51380.00000,0.13851
51390.00000,0.13851
51400.00000,0.14380
51410.00000,0.13397
51420.00000,0.13851
51430.00000,0.13851
51440.00000,0.13851
51450.00000,0.13397
51460.00000,0.12801
51470.00000,0.13397
51480.00000,0.13397
51490.00000,0.13851
51500.00000,0.13851
51510.00000,0.13851
51520.00000,0.14380
51530.00000,0.14380
51540.00000,0.13851
51550.00000,0.13851
51560.00000,0.13851
51570.00000,0.13851
51580.00000,0.13851
51590.00000,0.14380
51600.00000,0.13851
51610.00000,0.13851
51620.00000,0.14380
51630.00000,0.13851
51640.00000,0.14380
51650.00000,0.14380
51660.00000,0.14380
51670.00000,0.14380
51680.00000,0.15174
51690.00000,0.14380
51700.00000,0.14380
51710.00000,0.15174
51720.00000,0.14380
51730.00000,0.14380
51740.00000,0.14380
51750.00000,0.14380
51760.00000,0.14380
51770.00000,0.14380
51780.00000,0.14380
51790.00000,0.14380
51800.00000,0.14380
51810.00000,0.14387
51820.00000,0.14380
51830.00000,0.14380
51840.00000,0.15174
51850.00000,0.15174
51860.00000,0.15174
51870.00000,0.15704
51880.00000,0.14380
51890.00000,0.14380
51900.00000,0.14380
51910.00000,0.14380
51920.00000,0.15182
51930.00000,0.15174
51940.00000,0.15174
51950.00000,0.15704
51960.00000,0.15174
51970.00000,0.15174
51980.00000,0.15704
51990.00000,0.15174
52000.00000,0.15704
52010.00000,0.15174
52020.00000,0.15174
52030.00000,0.15704
52040.00000,0.15174
52050.00000,0.15182
52060.00000,0.15704
52070.00000,0.15704
52080.00000,0.15704
52090.00000,0.15704
52100.00000,0.15704
52110.00000,0.15174
52120.00000,0.16166
52130.00000,0.15174
52140.00000,0.15704
52150.00000,0.15174
52160.00000,0.16166
52170.00000,0.15704
52180.00000,0.15704
52190.00000,0.15704
52200.00000,0.15704
52210.00000,0.15704
52220.00000,0.16166
52230.00000,0.15704
52240.00000,0.15704
52250.00000,0.15704
52260.00000,0.15704
52270.00000,0.15704
52280.00000,0.16166
52290.00000,0.15174
52300.00000,0.15704
52310.00000,0.15174
52320.00000,0.15704
52330.00000,0.15174
52340.00000,0.15704
52350.00000,0.15704
52360.00000,0.15704
52370.00000,0.16166
52380.00000,0.15704
52390.00000,0.16166
52400.00000,0.15704
52410.00000,0.16166
52420.00000,0.15704
52430.00000,0.16166
52440.00000,0.15704
52450.00000,0.15704
52460.00000,0.15704
52470.00000,0.16166
52480.00000,0.16799
52490.00000,0.16166
52500.00000,0.16166
52510.00000,0.16799
52520.00000,0.16166
52530.00000,0.16166
52540.00000,0.15704
52550.00000,0.16166
52560.00000,0.16793
52570.00000,0.16166
52580.00000,0.16166
52590.00000,0.16166
52600.00000,0.16799
52610.00000,0.16166
52620.00000,0.16166
52630.00000,0.16799
52640.00000,0.16166
52650.00000,0.16799
52660.00000,0.16166
52670.00000,0.16799
52680.00000,0.16166
52690.00000,0.16166
52700.00000,0.16799
52710.00000,0.16799
52720.00000,0.16799
52730.00000,0.16799
52740.00000,0.16799
52750.00000,0.16166
52760.00000,0.16799
52770.00000,0.16166
52780.00000,0.17242
52790.00000,0.17242
52800.00000,0.16799
52810.00000,0.16799
52820.00000,0.16799
52830.00000,0.17242
52840.00000,0.16166
52850.00000,0.16799
52860.00000,0.16799
52870.00000,0.16799
52880.00000,0.16166
52890.00000,0.16799
52900.00000,0.16166
52910.00000,0.16799
52920.00000,0.16799
52930.00000,0.16799
52940.00000,0.16799
52950.00000,0.16799
52960.00000,0.17242
52970.00000,0.17242
52980.00000,0.16799
52990.00000,0.16799
53000.00000,0.16799
53010.00000,0.17242
53020.00000,0.16799
53030.00000,0.16799
53040.00000,0.16799
53050.00000,0.16799
53060.00000,0.17242
53070.00000,0.16799
53080.00000,0.16799
53090.00000,0.16166
53100.00000,0.16799
53110.00000,0.17242
53120.00000,0.16799
53130.00000,0.17242
53140.00000,0.16166
53150.00000,0.17242
53160.00000,0.16799
53170.00000,0.17242
53180.00000,0.17242
53190.00000,0.16799
53200.00000,0.16799
53210.00000,0.17242
53220.00000,0.17242
53230.00000,0.16793
53240.00000,0.17242
53250.00000,0.17242
53260.00000,0.17242
53270.00000,0.17242
53280.00000,0.17242
53290.00000,0.16799
53300.00000,0.16799
53310.00000,0.17242
53320.00000,0.17723
53330.00000,0.17242
53340.00000,0.17242
53350.00000,0.17723
53360.00000,0.17242
53370.00000,0.16799
53380.00000,0.17242
53390.00000,0.17242
53400.00000,0.17242
53410.00000,0.17723
53420.00000,0.17242
53430.00000,0.17242
53440.00000,0.17242
53450.00000,0.16799
53460.00000,0.16799
53470.00000,0.17242
53480.00000,0.17723
53490.00000,0.17242
53500.00000,0.17242
53510.00000,0.17242
53520.00000,0.17242
53530.00000,0.17242
53540.00000,0.17242
53550.00000,0.17242
53560.00000,0.17242
53570.00000,0.16799
53580.00000,0.17236
53590.00000,0.17242
53600.00000,0.17242
53610.00000,0.17242
53620.00000,0.17723
53630.00000,0.17242
53640.00000,0.17723
53650.00000,0.17242
53660.00000,0.17242
53670.00000,0.17242
53680.00000,0.17242
53690.00000,0.17242
53700.00000,0.17242
53710.00000,0.17242
53720.00000,0.17242
53730.00000,0.17242
53740.00000,0.17242
53750.00000,0.17242
53760.00000,0.17242
53770.00000,0.17247
53780.00000,0.16799
53790.00000,0.17242
53800.00000,0.17242
53810.00000,0.17242
53820.00000,0.17242
53830.00000,0.17723
53840.00000,0.17242
53850.00000,0.17242
53860.00000,0.16799
53870.00000,0.17242
53880.00000,0.17242
53890.00000,0.17723
53900.00000,0.17242
53910.00000,0.17242
53920.00000,0.17242
53930.00000,0.17242
53940.00000,0.16799
53950.00000,0.17242
53960.00000,0.16799
53970.00000,0.17242
53980.00000,0.16799
53990.00000,0.17723
54000.00000,0.17242
54010.00000,0.17242
54020.00000,0.16799
54030.00000,0.17242
54040.00000,0.17242
54050.00000,0.17242
54060.00000,0.17242
54070.00000,0.17242
54080.00000,0.17723
54090.00000,0.16799
54100.00000,0.16805
54110.00000,0.17242
54120.00000,0.17242
54130.00000,0.17242
54140.00000,0.17723
54150.00000,0.17242
54160.00000,0.16799
54170.00000,0.17242
54180.00000,0.17723
54190.00000,0.17242
54200.00000,0.17242
54210.00000,0.16799
54220.00000,0.16799
54230.00000,0.17242
54240.00000,0.16799
54250.00000,0.17242
54260.00000,0.16799
54270.00000,0.16799
54280.00000,0.16799
54290.00000,0.17729
54300.00000,0.17242
54310.00000,0.17723
54320.00000,0.17723
54330.00000,0.17242
54340.00000,0.16799
54350.00000,0.17242
54360.00000,0.17242
54370.00000,0.17723
54380.00000,0.17242
54390.00000,0.16799
54400.00000,0.17242
54410.00000,0.17242
54420.00000,0.16799
54430.00000,0.17242
54440.00000,0.17242
54450.00000,0.17242
54460.00000,0.17242
54470.00000,0.16799
54480.00000,0.17242
54490.00000,0.17242
54500.00000,0.17242
54510.00000,0.16799
54520.00000,0.17242
54530.00000,0.16799
54540.00000,0.17242
54550.00000,0.17242
