Time (seconds),pred_0
11020.00000,0.22858
11030.00000,0.22321
11040.00000,0.22321
11050.00000,0.22321
11060.00000,0.22321
11070.00000,0.22321
11080.00000,0.22858
11090.00000,0.21780
11100.00000,0.22321
11110.00000,0.22321
11120.00000,0.21780
11130.00000,0.21780
11140.00000,0.22321
11150.00000,0.22321
11160.00000,0.21787
11170.00000,0.22321
11180.00000,0.21780
11190.00000,0.21780
11200.00000,0.20968
11210.00000,0.20968
11220.00000,0.21780
11230.00000,0.21780
11240.00000,0.20968
11250.00000,0.21780
11260.00000,0.21780
11270.00000,0.21780
11280.00000,0.20975
11290.00000,0.20968
11300.00000,0.20968
11310.00000,0.21780
11320.00000,0.21780
11330.00000,0.21780
11340.00000,0.21780
11350.00000,0.20968
11360.00000,0.21780
11370.00000,0.20968
11380.00000,0.20428
11390.00000,0.20428
11400.00000,0.20968
11410.00000,0.20968
11420.00000,0.21787
11430.00000,0.20968
11440.00000,0.20968
11450.00000,0.20434
11460.00000,0.20968
11470.00000,0.20968
11480.00000,0.20428
11490.00000,0.20428
11500.00000,0.20428
11510.00000,0.20428
11520.00000,0.20968
11530.00000,0.20968
11540.00000,0.21780
11550.00000,0.20428
11560.00000,0.20428
11570.00000,0.20428
11580.00000,0.20428
11590.00000,0.20968
