Time (seconds), abs_residuals
5380.0000000,0.0113293
5390.0000000,0.0050994
5400.0000000,0.0057813
5410.0000000,0.0102673
5420.0000000,0.0227651
5430.0000000,0.0111550
5440.0000000,0.0023528
5450.0000000,0.0066396
5460.0000000,0.0343383
5470.0000000,0.0232271
5480.0000000,0.0023554
5490.0000000,0.0018679
5500.0000000,0.0296785
5510.0000000,0.0078377
5520.0000000,0.0037538
5530.0000000,0.0098350
5540.0000000,0.0171582
5550.0000000,0.0102214
5560.0000000,0.0097290
5570.0000000,0.0012248
5580.0000000,0.0252023
5590.0000000,0.0104886
5600.0000000,0.0006084
5610.0000000,0.0079071
5620.0000000,0.0307556
5630.0000000,0.0120987
5640.0000000,0.0149853
5650.0000000,0.0163632
5660.0000000,0.0023015
5670.0000000,0.0035498
5680.0000000,0.0011786
5690.0000000,0.0076067
5700.0000000,0.0141889
5710.0000000,0.0070010
5720.0000000,0.0154714
5730.0000000,0.0193785
5740.0000000,0.0165159
5750.0000000,0.0007048
5760.0000000,0.0123367
5770.0000000,0.0061766
5780.0000000,0.0163244
5790.0000000,0.0304729
5800.0000000,0.0063516
5810.0000000,0.0261325
5820.0000000,0.0206991
5830.0000000,0.0153210
5840.0000000,0.0234979
5850.0000000,0.0037115
5860.0000000,0.0136401
5870.0000000,0.0239041
5880.0000000,0.0087022
5890.0000000,0.0108084
5900.0000000,0.0084229
5910.0000000,0.0456336
5920.0000000,0.0049551
5930.0000000,0.0098743
5940.0000000,0.0378660
5950.0000000,0.0008595
5960.0000000,0.0142759
5970.0000000,0.0354207
5980.0000000,0.0138817
5990.0000000,0.0036000
6000.0000000,0.0039742
6010.0000000,0.0089647
6020.0000000,0.0102023
6030.0000000,0.0134524
6040.0000000,0.0034549
6050.0000000,0.0162661
6060.0000000,0.0209046
6070.0000000,0.0030484
6080.0000000,0.0154845
6090.0000000,0.0491194
6100.0000000,0.0028148
6110.0000000,0.0449676
6120.0000000,0.0068611
6130.0000000,0.0071229
6140.0000000,0.0501284
6150.0000000,0.0020225
6160.0000000,0.0215435
6170.0000000,0.0021656
6180.0000000,0.0017134
6190.0000000,0.0073497
6200.0000000,0.0167925
6210.0000000,0.0062603
6220.0000000,0.0026254
6230.0000000,0.0063992
6240.0000000,0.0071108
6250.0000000,0.0078540
6260.0000000,0.0024752
6270.0000000,0.0459574
6280.0000000,0.0078948
6290.0000000,0.0174832
6300.0000000,0.0115071
6310.0000000,0.0219852
6320.0000000,0.0081061
6330.0000000,0.0161721
6340.0000000,0.0117518
6350.0000000,0.0314980
6360.0000000,0.0219003
6370.0000000,0.0222452
6380.0000000,0.0118887
6390.0000000,0.0030679
6400.0000000,0.0221503
6410.0000000,0.0020055
6420.0000000,0.0016750
6430.0000000,0.0214259
6440.0000000,0.0211082
6450.0000000,0.0071309
6460.0000000,0.0164007
6470.0000000,0.0014851
6480.0000000,0.0156349
6490.0000000,0.0126634
6500.0000000,0.0302450
6510.0000000,0.0176358
6520.0000000,0.0424545
6530.0000000,0.0198724
6540.0000000,0.0133050
6550.0000000,0.0056812
6560.0000000,0.0233157
6570.0000000,0.0246088
6580.0000000,0.0039867
6590.0000000,0.0092832
6600.0000000,0.0190919
6610.0000000,0.0068124
6620.0000000,0.0117873
6630.0000000,0.0025041
6640.0000000,0.0026124
6650.0000000,0.0262022
6660.0000000,0.0233243
6670.0000000,0.0190921
6680.0000000,0.0046278
6690.0000000,0.0002545
6700.0000000,0.0481580
6710.0000000,0.0186011
6720.0000000,0.0047995
6730.0000000,0.0147295
6740.0000000,0.0051198
6750.0000000,0.0096970
6760.0000000,0.0186139
6770.0000000,0.0028496
6780.0000000,0.0140638
6790.0000000,0.0024682
6800.0000000,0.0199001
6810.0000000,0.0190560
6820.0000000,0.0433755
6830.0000000,0.0024926
6840.0000000,0.0053617
6850.0000000,0.0097880
6860.0000000,0.0190766
6870.0000000,0.0384453
6880.0000000,0.0052287
6890.0000000,0.0051803
6900.0000000,0.0115469
6910.0000000,0.0040912
6920.0000000,0.0144666
6930.0000000,0.0168325
6940.0000000,0.0097350
6950.0000000,0.0244417
6960.0000000,0.0100402
6970.0000000,0.0290100
6980.0000000,0.0007485
6990.0000000,0.0094422
7000.0000000,0.0240984
7010.0000000,0.0004823
7020.0000000,0.0434377
7030.0000000,0.0265630
7040.0000000,0.0065916
7050.0000000,0.0065924
7060.0000000,0.0041928
7070.0000000,0.0214638
7080.0000000,0.0164176
7090.0000000,0.0214442
7100.0000000,0.0309093
7110.0000000,0.0020738
7120.0000000,0.0001712
7130.0000000,0.0097469
7140.0000000,0.0140522
7150.0000000,0.0261824
7160.0000000,0.0138731
7170.0000000,0.0027585
7180.0000000,0.0169232
7190.0000000,0.0031199
7200.0000000,0.0146348
7210.0000000,0.0123181
7220.0000000,0.0054239
7230.0000000,0.0162935
7240.0000000,0.0139243
7250.0000000,0.0489153
7260.0000000,0.0247267
7270.0000000,0.0050304
7280.0000000,0.0110040
7290.0000000,0.0093669
7300.0000000,0.0273747
7310.0000000,0.0378369
7320.0000000,0.0230987
7330.0000000,0.0108016
7340.0000000,0.0143282
7350.0000000,0.0258470
7360.0000000,0.0059733
7370.0000000,0.0086135
7380.0000000,0.0264378
7390.0000000,0.0142551
7400.0000000,0.0020799
7410.0000000,0.0202165
7420.0000000,0.0395468
7430.0000000,0.0062317
7440.0000000,0.0109646
7450.0000000,0.0060297
7460.0000000,0.0217330
7470.0000000,0.0032911
7480.0000000,0.0106459
7490.0000000,0.0161911
7500.0000000,0.0217872
7510.0000000,0.0062512
7520.0000000,0.0103460
7530.0000000,0.0117683
7540.0000000,0.0002370
7550.0000000,0.0147259
7560.0000000,0.0116583
7570.0000000,0.0059543
7580.0000000,0.0116694
7590.0000000,0.0072571
7600.0000000,0.0179499
7610.0000000,0.0075730
7620.0000000,0.0077089
7630.0000000,0.0083308
7640.0000000,0.0050217
7650.0000000,0.0096770
7660.0000000,0.0028732
7670.0000000,0.0054955
7680.0000000,0.0075158
7690.0000000,0.0069727
7700.0000000,0.0171655
7710.0000000,0.0415084
7720.0000000,0.0152989
7730.0000000,0.0058940
7740.0000000,0.0358908
7750.0000000,0.0132015
7760.0000000,0.0098248
7770.0000000,0.0027203
7780.0000000,0.0410130
7790.0000000,0.0079568
7800.0000000,0.0014220
7810.0000000,0.0211729
7820.0000000,0.0205918
7830.0000000,0.0029483
7840.0000000,0.0121650
7850.0000000,0.0012792
7860.0000000,0.0610547
7870.0000000,0.0264894
7880.0000000,0.0473526
7890.0000000,0.0340568
7900.0000000,0.0156607
7910.0000000,0.0170449
7920.0000000,0.0024971
7930.0000000,0.0351347
7940.0000000,0.0181092
7950.0000000,0.0282213
7960.0000000,0.0107653
7970.0000000,0.0050945
7980.0000000,0.0053407
7990.0000000,0.0125371
8000.0000000,0.0041578
8010.0000000,0.0240166
8020.0000000,0.0066022
8030.0000000,0.0523894
8040.0000000,0.0250965
8050.0000000,0.0315684
8060.0000000,0.0654248
8070.0000000,0.0155108
8080.0000000,0.0348870
8090.0000000,0.0118414
8100.0000000,0.0182652
8110.0000000,0.0305105
8120.0000000,0.0175922
8130.0000000,0.0257570
8140.0000000,0.0037408
8150.0000000,0.0347026
8160.0000000,0.0024798
8170.0000000,0.0605891
8180.0000000,0.0076512
8190.0000000,0.0257639
8200.0000000,0.0054694
8210.0000000,0.0097770
8220.0000000,0.0239142
8230.0000000,0.0008947
8240.0000000,0.0143813
8250.0000000,0.0193091
8260.0000000,0.0268260
8270.0000000,0.0271393
8280.0000000,0.0231228
8290.0000000,0.0299562
8300.0000000,0.0243126
8310.0000000,0.0234786
8320.0000000,0.0039598
8330.0000000,0.0293362
8340.0000000,0.0072570
8350.0000000,0.0503877
8360.0000000,0.0201147
8370.0000000,0.0201772
8380.0000000,0.0029895
8390.0000000,0.0492021
8400.0000000,0.0018378
8410.0000000,0.0207798
8420.0000000,0.0182658
8430.0000000,0.0181022
8440.0000000,0.0198395
8450.0000000,0.0082994
8460.0000000,0.0916847
8470.0000000,0.0910866
8480.0000000,0.0377002
8490.0000000,0.0276735
8500.0000000,0.0797845
8510.0000000,0.0414108
8520.0000000,0.0127749
8530.0000000,0.0260830
8540.0000000,0.0231261
8550.0000000,0.0119964
8560.0000000,0.0271717
8570.0000000,0.0137919
8580.0000000,0.0160556
8590.0000000,0.0113104
8600.0000000,0.0105334
8610.0000000,0.0107957
8620.0000000,0.0045909
8630.0000000,0.0289991
8640.0000000,0.0022300
8650.0000000,0.0309482
8660.0000000,0.0247388
8670.0000000,0.0010798
8680.0000000,0.0231198
8690.0000000,0.0250162
8700.0000000,0.0111351
8710.0000000,0.0219189
8720.0000000,0.0000690
8730.0000000,0.0094520
8740.0000000,0.0134499
8750.0000000,0.0186218
8760.0000000,0.0434672
8770.0000000,0.0097796
8780.0000000,0.0275743
8790.0000000,0.0473372
8800.0000000,0.0111508
8810.0000000,0.0086869
8820.0000000,0.0089389
8830.0000000,0.0330400
8840.0000000,0.0174179
8850.0000000,0.0098205
8860.0000000,0.0141325
8870.0000000,0.0043533
8880.0000000,0.0053694
8890.0000000,0.0044022
8900.0000000,0.0013463
8910.0000000,0.0188296
8920.0000000,0.0095353
8930.0000000,0.0333024
8940.0000000,0.0292147
8950.0000000,0.0010944
8960.0000000,0.0107487
8970.0000000,0.0097271
8980.0000000,0.0053411
8990.0000000,0.0247548
9000.0000000,0.0081412
9010.0000000,0.0190667
9020.0000000,0.0194112
9030.0000000,0.0045411
9040.0000000,0.0100814
9050.0000000,0.0007224
9060.0000000,0.0577765
9070.0000000,0.0431309
9080.0000000,0.0385019
9090.0000000,0.0627982
9100.0000000,0.0338429
9110.0000000,0.0292361
9120.0000000,0.0292674
9130.0000000,0.0052334
9140.0000000,0.0029530
9150.0000000,0.0014689
9160.0000000,0.0130448
9170.0000000,0.0174245
9180.0000000,0.0271098
9190.0000000,0.0368790
9200.0000000,0.0127046
9210.0000000,0.0222735
9220.0000000,0.0109296
9230.0000000,0.0108577
9240.0000000,0.0013082
9250.0000000,0.0079510
9260.0000000,0.0077513
9270.0000000,0.0271274
9280.0000000,0.0319429
9290.0000000,0.0175888
9300.0000000,0.0125421
9310.0000000,0.0012275
9320.0000000,0.0129939
9330.0000000,0.0013954
9340.0000000,0.0079938
9350.0000000,0.0014733
9360.0000000,0.0273946
9370.0000000,0.0057019
9380.0000000,0.0111618
9390.0000000,0.0179624
9400.0000000,0.0159698
9410.0000000,0.0396493
9420.0000000,0.0012733
9430.0000000,0.0008885
9440.0000000,0.0257780
9450.0000000,0.0083172
9460.0000000,0.0444165
9470.0000000,0.0257405
9480.0000000,0.0038488
9490.0000000,0.0253151
9500.0000000,0.0155122
9510.0000000,0.0396654
9520.0000000,0.0077486
9530.0000000,0.0016448
9540.0000000,0.0158682
9550.0000000,0.0036066
9560.0000000,0.0227808
9570.0000000,0.0126194
9580.0000000,0.0106071
9590.0000000,0.0032133
9600.0000000,0.0112561
9610.0000000,0.0135452
9620.0000000,0.0081200
9630.0000000,0.0445350
9640.0000000,0.0206828
9650.0000000,0.0060493
9660.0000000,0.0426799
9670.0000000,0.0014409
9680.0000000,0.0198494
9690.0000000,0.0112261
9700.0000000,0.0179981
9710.0000000,0.0118902
9720.0000000,0.0042281
9730.0000000,0.0135374
9740.0000000,0.0228541
9750.0000000,0.0072268
9760.0000000,0.0095582
9770.0000000,0.0194153
9780.0000000,0.0019304
9790.0000000,0.0083820
9800.0000000,0.0020322
9810.0000000,0.0020001
9820.0000000,0.0027132
9830.0000000,0.0126396
9840.0000000,0.0111698
9850.0000000,0.0070831
9860.0000000,0.0360526
9870.0000000,0.0023186
9880.0000000,0.0032135
9890.0000000,0.0110118
9900.0000000,0.0061906
9910.0000000,0.0327700
9920.0000000,0.0177999
9930.0000000,0.0232200
9940.0000000,0.0056107
9950.0000000,0.0158110
9960.0000000,0.0042495
9970.0000000,0.0293743
9980.0000000,0.0133531
9990.0000000,0.0346340
10000.0000000,0.0132808
10010.0000000,0.0060109
10020.0000000,0.0138359
10030.0000000,0.0129386
10040.0000000,0.0319887
10050.0000000,0.0031442
10060.0000000,0.0117832
10070.0000000,0.0110077
10080.0000000,0.0258699
10090.0000000,0.0136557
10100.0000000,0.0009729
10110.0000000,0.0040772
10120.0000000,0.0005112
10130.0000000,0.0327711
10140.0000000,0.0055660
10150.0000000,0.0015875
10160.0000000,0.0206232
10170.0000000,0.0030323
10180.0000000,0.0031241
10190.0000000,0.0064027
10200.0000000,0.0111424
10210.0000000,0.0166445
10220.0000000,0.0057292
10230.0000000,0.0037633
10240.0000000,0.0297152
10250.0000000,0.0105139
10260.0000000,0.0067375
10270.0000000,0.0206911
10280.0000000,0.0165538
10290.0000000,0.0261639
10300.0000000,0.0073739
10310.0000000,0.0025474
10320.0000000,0.0068916
10330.0000000,0.0050074
10340.0000000,0.0102175
10350.0000000,0.0338870
10360.0000000,0.0140061
10370.0000000,0.0196688
10380.0000000,0.0050793
10390.0000000,0.0174272
10400.0000000,0.0168661
10410.0000000,0.0025804
10420.0000000,0.0412645
10430.0000000,0.0018484
10440.0000000,0.0162364
10450.0000000,0.0235335
10460.0000000,0.0135163
10470.0000000,0.0188515
10480.0000000,0.0149493
10490.0000000,0.0233224
10500.0000000,0.0056567
10510.0000000,0.0110965
10520.0000000,0.0070314
10530.0000000,0.0037817
10540.0000000,0.0040500
10550.0000000,0.0128283
10560.0000000,0.0152470
10570.0000000,0.0173281
10580.0000000,0.0124643
10590.0000000,0.0062515
10600.0000000,0.0115047
10610.0000000,0.0046377
10620.0000000,0.0267062
10630.0000000,0.0042205
10640.0000000,0.0007018
10650.0000000,0.0009904
10660.0000000,0.0068647
10670.0000000,0.0026039
10680.0000000,0.0102282
10690.0000000,0.0013676
10700.0000000,0.0033022
10710.0000000,0.0398420
10720.0000000,0.0032426
10730.0000000,0.0161077
10740.0000000,0.0061614
10750.0000000,0.0078241