Time (seconds),pred_0
79700.00000,0.17723
79710.00000,0.17247
79720.00000,0.16799
79730.00000,0.17242
79740.00000,0.16799
79750.00000,0.17247
79760.00000,0.17242
79770.00000,0.17242
79780.00000,0.17723
79790.00000,0.16799
79800.00000,0.17247
79810.00000,0.17242
79820.00000,0.17242
79830.00000,0.17247
79840.00000,0.17242
79850.00000,0.17236
79860.00000,0.16805
79870.00000,0.16805
79880.00000,0.17242
79890.00000,0.16805
79900.00000,0.17242
79910.00000,0.16799
79920.00000,0.17242
79930.00000,0.17242
79940.00000,0.17242
79950.00000,0.17242
79960.00000,0.17242
79970.00000,0.16799
79980.00000,0.16799
79990.00000,0.17242
80000.00000,0.16799
80010.00000,0.16799
80020.00000,0.16805
80030.00000,0.16166
80040.00000,0.16799
80050.00000,0.17723
80060.00000,0.16799
80070.00000,0.16799
80080.00000,0.16166
80090.00000,0.16799
80100.00000,0.16799
80110.00000,0.17242
80120.00000,0.17242
80130.00000,0.17236
80140.00000,0.16799
80150.00000,0.16799
80160.00000,0.16170
80170.00000,0.16799
80180.00000,0.16799
80190.00000,0.16799
80200.00000,0.16166
80210.00000,0.16799
80220.00000,0.16170
80230.00000,0.16799
80240.00000,0.16805
80250.00000,0.16799
80260.00000,0.16166
80270.00000,0.16166
80280.00000,0.16166
80290.00000,0.16799
80300.00000,0.16805
80310.00000,0.16799
80320.00000,0.16799
80330.00000,0.16799
80340.00000,0.16799
80350.00000,0.16799
80360.00000,0.16799
80370.00000,0.16166
80380.00000,0.16805
80390.00000,0.16805
80400.00000,0.16170
80410.00000,0.15704
80420.00000,0.16799
80430.00000,0.16166
80440.00000,0.16799
80450.00000,0.16799
80460.00000,0.16799
80470.00000,0.16799
80480.00000,0.16166
80490.00000,0.16166
80500.00000,0.16799
80510.00000,0.16799
80520.00000,0.15704
80530.00000,0.16799
80540.00000,0.16799
80550.00000,0.16799
80560.00000,0.16799
80570.00000,0.16166
80580.00000,0.16799
80590.00000,0.16805
80600.00000,0.16799
80610.00000,0.16166
80620.00000,0.16166
80630.00000,0.16170
80640.00000,0.16166
80650.00000,0.15711
80660.00000,0.15704
80670.00000,0.15697
80680.00000,0.15704
80690.00000,0.16170
80700.00000,0.16166
80710.00000,0.16799
80720.00000,0.16170
80730.00000,0.16166
80740.00000,0.16170
80750.00000,0.16805
80760.00000,0.16166
80770.00000,0.16166
80780.00000,0.16166
80790.00000,0.16166
80800.00000,0.16166
80810.00000,0.16166
80820.00000,0.16805
80830.00000,0.16166
80840.00000,0.16166
80850.00000,0.15704
80860.00000,0.16166
80870.00000,0.15704
80880.00000,0.16170
80890.00000,0.16166
80900.00000,0.16166
80910.00000,0.16799
80920.00000,0.15704
80930.00000,0.16166
80940.00000,0.16166
80950.00000,0.16166
80960.00000,0.16166
80970.00000,0.16166
80980.00000,0.16166
80990.00000,0.15704
81000.00000,0.16166
81010.00000,0.16166
81020.00000,0.15704
81030.00000,0.16166
81040.00000,0.16166
81050.00000,0.15711
81060.00000,0.15704
81070.00000,0.15704
81080.00000,0.16166
81090.00000,0.15704
81100.00000,0.15704
81110.00000,0.15704
81120.00000,0.15711
81130.00000,0.15697
81140.00000,0.15704
81150.00000,0.15174
81160.00000,0.16166
81170.00000,0.15174
81180.00000,0.16170
81190.00000,0.15697
81200.00000,0.16166
81210.00000,0.16166
81220.00000,0.16166
81230.00000,0.15704
81240.00000,0.16166
81250.00000,0.16166
81260.00000,0.15711
81270.00000,0.16166
81280.00000,0.15711
81290.00000,0.16166
81300.00000,0.16166
81310.00000,0.15704
81320.00000,0.16166
81330.00000,0.16166
81340.00000,0.16166
81350.00000,0.16166
81360.00000,0.15697
81370.00000,0.15704
81380.00000,0.15704
81390.00000,0.15704
81400.00000,0.15174
81410.00000,0.15174
81420.00000,0.15704
81430.00000,0.15174
81440.00000,0.15174
81450.00000,0.16170
81460.00000,0.15704
81470.00000,0.15174
81480.00000,0.15174
81490.00000,0.14380
81500.00000,0.14387
81510.00000,0.15174
81520.00000,0.15174
81530.00000,0.15704
81540.00000,0.15697
81550.00000,0.15174
81560.00000,0.15704
81570.00000,0.15174
81580.00000,0.15174
81590.00000,0.14380
81600.00000,0.15174
81610.00000,0.15174
81620.00000,0.15174
81630.00000,0.15697
81640.00000,0.15704
81650.00000,0.15174
81660.00000,0.15174
81670.00000,0.15174
81680.00000,0.14387
81690.00000,0.15174
81700.00000,0.14380
81710.00000,0.15704
81720.00000,0.15711
81730.00000,0.15174
81740.00000,0.15174
81750.00000,0.15174
81760.00000,0.15704
81770.00000,0.15174
81780.00000,0.15174
81790.00000,0.14380
81800.00000,0.15174
81810.00000,0.15174
81820.00000,0.15174
81830.00000,0.15174
81840.00000,0.15167
81850.00000,0.15174
81860.00000,0.15174
81870.00000,0.14380
81880.00000,0.15174
81890.00000,0.15174
81900.00000,0.15174
81910.00000,0.15174
81920.00000,0.15174
81930.00000,0.15174
81940.00000,0.15174
81950.00000,0.14373
81960.00000,0.14380
81970.00000,0.14380
81980.00000,0.14380
81990.00000,0.15174
82000.00000,0.14380
82010.00000,0.14387
82020.00000,0.14380
82030.00000,0.14380
82040.00000,0.15174
82050.00000,0.15174
82060.00000,0.14380
82070.00000,0.15182
82080.00000,0.14380
82090.00000,0.14380
82100.00000,0.14380
82110.00000,0.14380
82120.00000,0.15174
82130.00000,0.15174
82140.00000,0.14380
82150.00000,0.14380
82160.00000,0.14380
82170.00000,0.15174
82180.00000,0.14380
82190.00000,0.15182
82200.00000,0.14387
82210.00000,0.15174
82220.00000,0.14380
82230.00000,0.15174
82240.00000,0.14380
82250.00000,0.15174
82260.00000,0.14380
82270.00000,0.14380
82280.00000,0.15174
82290.00000,0.14380
82300.00000,0.14380
82310.00000,0.14380
82320.00000,0.14380
82330.00000,0.14380
82340.00000,0.14380
82350.00000,0.14380
82360.00000,0.15174
82370.00000,0.14380
82380.00000,0.14380
82390.00000,0.14387
82400.00000,0.13851
82410.00000,0.14387
82420.00000,0.15174
82430.00000,0.15174
82440.00000,0.14380
82450.00000,0.13851
82460.00000,0.13851
82470.00000,0.14380
82480.00000,0.15174
82490.00000,0.15174
82500.00000,0.13851
82510.00000,0.14380
82520.00000,0.14380
82530.00000,0.14380
82540.00000,0.14387
82550.00000,0.15174
82560.00000,0.14380
82570.00000,0.14380
82580.00000,0.14380
82590.00000,0.15174
82600.00000,0.13851
82610.00000,0.14380
82620.00000,0.14380
82630.00000,0.14380
82640.00000,0.15174
82650.00000,0.14387
82660.00000,0.13851
82670.00000,0.14373
82680.00000,0.14380
82690.00000,0.15182
82700.00000,0.14373
82710.00000,0.14380
82720.00000,0.14380
82730.00000,0.15174
82740.00000,0.14380
82750.00000,0.14380
82760.00000,0.14380
82770.00000,0.14380
82780.00000,0.13851
82790.00000,0.14380
82800.00000,0.15174
82810.00000,0.14380
82820.00000,0.14380
82830.00000,0.14380
82840.00000,0.14380
82850.00000,0.13851
82860.00000,0.14387
82870.00000,0.13851
82880.00000,0.15174
82890.00000,0.13851
82900.00000,0.13851
82910.00000,0.14387
82920.00000,0.14380
82930.00000,0.14380
82940.00000,0.15174
82950.00000,0.14380
82960.00000,0.13851
82970.00000,0.15174
82980.00000,0.14380
82990.00000,0.13851
83000.00000,0.13844
83010.00000,0.14380
83020.00000,0.14380
83030.00000,0.14380
83040.00000,0.15174
83050.00000,0.14380
83060.00000,0.13851
83070.00000,0.14380
83080.00000,0.13851
83090.00000,0.14380
83100.00000,0.14380
83110.00000,0.13851
83120.00000,0.14387
83130.00000,0.14380
83140.00000,0.13851
83150.00000,0.13851
83160.00000,0.14380
83170.00000,0.14380
83180.00000,0.14380
83190.00000,0.14380
83200.00000,0.13851
83210.00000,0.13851
83220.00000,0.14380
83230.00000,0.13851
83240.00000,0.13851
83250.00000,0.14387
83260.00000,0.14380
83270.00000,0.14380
83280.00000,0.14380
83290.00000,0.14380
83300.00000,0.14380
83310.00000,0.14380
83320.00000,0.14380
83330.00000,0.14380
83340.00000,0.13851
83350.00000,0.14380
83360.00000,0.14380
83370.00000,0.14380
83380.00000,0.13397
83390.00000,0.14380
83400.00000,0.14380
83410.00000,0.14380
83420.00000,0.14387
83430.00000,0.13851
83440.00000,0.13851
83450.00000,0.14380
83460.00000,0.13851
83470.00000,0.13851
83480.00000,0.13397
83490.00000,0.14387
83500.00000,0.14380
83510.00000,0.13851
83520.00000,0.13851
83530.00000,0.13851
83540.00000,0.14380
83550.00000,0.14380
83560.00000,0.14380
83570.00000,0.14380
83580.00000,0.14380
83590.00000,0.13851
83600.00000,0.14380
83610.00000,0.14387
83620.00000,0.14380
83630.00000,0.14387
83640.00000,0.14380
83650.00000,0.14373
83660.00000,0.14380
83670.00000,0.14380
83680.00000,0.14380
83690.00000,0.13851
83700.00000,0.13851
83710.00000,0.14380
83720.00000,0.13851
83730.00000,0.13851
83740.00000,0.14380
83750.00000,0.14380
83760.00000,0.14380
83770.00000,0.14380
83780.00000,0.14380
83790.00000,0.13851
83800.00000,0.13851
83810.00000,0.13859
83820.00000,0.13851
83830.00000,0.14380
83840.00000,0.13851
83850.00000,0.13851
83860.00000,0.13851
83870.00000,0.13397
83880.00000,0.13851
