Time (seconds),pred_0
37610.00000,0.12435
37620.00000,0.12435
37630.00000,0.12801
37640.00000,0.12801
37650.00000,0.12801
37660.00000,0.12435
37670.00000,0.12435
37680.00000,0.12801
37690.00000,0.12801
37700.00000,0.12801
37710.00000,0.12801
37720.00000,0.12435
37730.00000,0.12801
37740.00000,0.12435
37750.00000,0.12435
37760.00000,0.12801
37770.00000,0.12801
37780.00000,0.12435
37790.00000,0.12435
37800.00000,0.12801
37810.00000,0.12435
37820.00000,0.12801
37830.00000,0.12801
37840.00000,0.12435
37850.00000,0.12801
37860.00000,0.12801
37870.00000,0.12801
37880.00000,0.12435
37890.00000,0.12435
37900.00000,0.12801
37910.00000,0.12801
37920.00000,0.12435
37930.00000,0.12435
37940.00000,0.12801
37950.00000,0.12801
37960.00000,0.12435
37970.00000,0.12435
37980.00000,0.12801
37990.00000,0.12435
38000.00000,0.12435
38010.00000,0.13397
38020.00000,0.12801
38030.00000,0.12801
38040.00000,0.13397
38050.00000,0.12435
38060.00000,0.12435
38070.00000,0.12435
38080.00000,0.12801
38090.00000,0.12435
38100.00000,0.12801
38110.00000,0.12435
38120.00000,0.12435
38130.00000,0.12801
38140.00000,0.12435
38150.00000,0.12801
38160.00000,0.12801
38170.00000,0.12801
38180.00000,0.12435
38190.00000,0.12435
38200.00000,0.12435
38210.00000,0.12801
38220.00000,0.12801
38230.00000,0.12435
38240.00000,0.12801
38250.00000,0.12801
38260.00000,0.12801
38270.00000,0.13397
38280.00000,0.12435
38290.00000,0.12801
38300.00000,0.12435
38310.00000,0.12435
38320.00000,0.12801
38330.00000,0.12801
38340.00000,0.12801
38350.00000,0.12435
38360.00000,0.12801
38370.00000,0.13397
38380.00000,0.12801
38390.00000,0.13397
38400.00000,0.12801
38410.00000,0.12801
38420.00000,0.12801
38430.00000,0.12801
38440.00000,0.12801
38450.00000,0.12801
38460.00000,0.12801
38470.00000,0.12435
38480.00000,0.12801
38490.00000,0.12801
38500.00000,0.12801
38510.00000,0.12801
38520.00000,0.13397
38530.00000,0.13397
38540.00000,0.13397
38550.00000,0.12801
38560.00000,0.12801
38570.00000,0.13397
38580.00000,0.12801
38590.00000,0.12801
38600.00000,0.12801
38610.00000,0.12801
38620.00000,0.12801
38630.00000,0.13397
38640.00000,0.12801
38650.00000,0.12801
38660.00000,0.12801
38670.00000,0.13397
38680.00000,0.12801
38690.00000,0.12801
38700.00000,0.12801
38710.00000,0.13397
38720.00000,0.12801
38730.00000,0.13397
38740.00000,0.13397
38750.00000,0.12801
38760.00000,0.12801
38770.00000,0.13398
38780.00000,0.12801
38790.00000,0.12435
38800.00000,0.12801
38810.00000,0.13397
38820.00000,0.12801
38830.00000,0.13397
38840.00000,0.12801
38850.00000,0.12801
38860.00000,0.12801
38870.00000,0.13397
38880.00000,0.13397
38890.00000,0.12801
38900.00000,0.12801
38910.00000,0.12801
38920.00000,0.13397
38930.00000,0.13397
38940.00000,0.13397
38950.00000,0.13397
38960.00000,0.13397
38970.00000,0.12801
38980.00000,0.12801
38990.00000,0.13397
39000.00000,0.12801
39010.00000,0.12801
39020.00000,0.13397
39030.00000,0.13398
39040.00000,0.13397
39050.00000,0.13851
39060.00000,0.13397
39070.00000,0.13397
39080.00000,0.13397
39090.00000,0.12801
39100.00000,0.12801
39110.00000,0.13397
39120.00000,0.13398
39130.00000,0.13397
39140.00000,0.12801
39150.00000,0.13397
39160.00000,0.13851
39170.00000,0.13851
39180.00000,0.13397
39190.00000,0.13397
39200.00000,0.13397
39210.00000,0.12801
39220.00000,0.13397
39230.00000,0.13851
39240.00000,0.13397
39250.00000,0.12801
39260.00000,0.13397
39270.00000,0.13397
39280.00000,0.13397
39290.00000,0.12801
39300.00000,0.13397
39310.00000,0.13397
39320.00000,0.13397
39330.00000,0.12801
39340.00000,0.12801
39350.00000,0.13397
39360.00000,0.12801
39370.00000,0.13397
39380.00000,0.12801
39390.00000,0.12801
39400.00000,0.13397
39410.00000,0.13397
39420.00000,0.12801
39430.00000,0.13397
39440.00000,0.13397
39450.00000,0.12801
39460.00000,0.13851
39470.00000,0.13397
39480.00000,0.13397
39490.00000,0.13397
39500.00000,0.12801
39510.00000,0.13397
39520.00000,0.13397
39530.00000,0.12801
39540.00000,0.13397
39550.00000,0.12801
39560.00000,0.12801
39570.00000,0.12801
39580.00000,0.12801
39590.00000,0.12801
39600.00000,0.13397
39610.00000,0.13397
39620.00000,0.13851
39630.00000,0.12801
39640.00000,0.12801
39650.00000,0.13397
39660.00000,0.13397
39670.00000,0.12801
39680.00000,0.13397
39690.00000,0.13397
39700.00000,0.13397
39710.00000,0.13397
39720.00000,0.12801
39730.00000,0.12801
39740.00000,0.13397
39750.00000,0.12801
39760.00000,0.13397
39770.00000,0.12801
39780.00000,0.12801
39790.00000,0.13397
39800.00000,0.12801
39810.00000,0.12801
39820.00000,0.13398
39830.00000,0.13397
39840.00000,0.13397
39850.00000,0.13397
39860.00000,0.12801
39870.00000,0.13397
39880.00000,0.12801
39890.00000,0.13397
39900.00000,0.12801
39910.00000,0.13851
39920.00000,0.13397
39930.00000,0.13397
39940.00000,0.13397
39950.00000,0.12801
39960.00000,0.13397
39970.00000,0.13397
39980.00000,0.12801
39990.00000,0.12801
40000.00000,0.12801
40010.00000,0.13397
40020.00000,0.12801
40030.00000,0.13397
40040.00000,0.13397
40050.00000,0.13397
40060.00000,0.13397
40070.00000,0.13397
40080.00000,0.13397
40090.00000,0.13397
40100.00000,0.13397
40110.00000,0.13397
40120.00000,0.13397
40130.00000,0.13397
40140.00000,0.13397
40150.00000,0.13397
40160.00000,0.12801
40170.00000,0.13851
40180.00000,0.12801
40190.00000,0.13397
40200.00000,0.13397
40210.00000,0.13397
40220.00000,0.13397
40230.00000,0.13851
40240.00000,0.13397
40250.00000,0.13397
40260.00000,0.13397
40270.00000,0.13851
40280.00000,0.13397
40290.00000,0.13397
40300.00000,0.13397
40310.00000,0.13397
40320.00000,0.13397
40330.00000,0.13397
40340.00000,0.13397
40350.00000,0.13397
40360.00000,0.13397
40370.00000,0.13397
40380.00000,0.13397
40390.00000,0.13397
40400.00000,0.13397
40410.00000,0.13397
40420.00000,0.13397
40430.00000,0.13397
40440.00000,0.13397
40450.00000,0.13397
40460.00000,0.13397
40470.00000,0.13397
40480.00000,0.13398
40490.00000,0.13397
40500.00000,0.13397
40510.00000,0.13397
40520.00000,0.13397
40530.00000,0.13397
40540.00000,0.13851
40550.00000,0.12801
40560.00000,0.13851
40570.00000,0.13397
40580.00000,0.13397
40590.00000,0.13398
40600.00000,0.13397
40610.00000,0.13397
40620.00000,0.13397
40630.00000,0.13397
40640.00000,0.13397
40650.00000,0.13397
40660.00000,0.13851
40670.00000,0.13397
40680.00000,0.13397
40690.00000,0.13851
40700.00000,0.13851
40710.00000,0.13844
40720.00000,0.13851
40730.00000,0.13397
40740.00000,0.13397
40750.00000,0.13397
40760.00000,0.13851
40770.00000,0.13844
40780.00000,0.12801
40790.00000,0.13851
40800.00000,0.13397
40810.00000,0.13851
40820.00000,0.13859
40830.00000,0.13851
40840.00000,0.13851
40850.00000,0.13851
40860.00000,0.13397
40870.00000,0.13851
40880.00000,0.13859
40890.00000,0.13397
40900.00000,0.13851
40910.00000,0.13851
40920.00000,0.14380
40930.00000,0.13851
40940.00000,0.13397
40950.00000,0.13397
40960.00000,0.14380
40970.00000,0.13851
40980.00000,0.13397
40990.00000,0.13851
41000.00000,0.12801
41010.00000,0.13851
41020.00000,0.13397
41030.00000,0.13851
41040.00000,0.13851
41050.00000,0.13851
41060.00000,0.13851
41070.00000,0.13397
41080.00000,0.13397
41090.00000,0.13397
41100.00000,0.12801
41110.00000,0.13851
41120.00000,0.13851
41130.00000,0.14380
41140.00000,0.13851
41150.00000,0.13851
41160.00000,0.13397
41170.00000,0.13851
41180.00000,0.13397
41190.00000,0.13859
41200.00000,0.13397
41210.00000,0.13851
41220.00000,0.13851
41230.00000,0.13851
41240.00000,0.13851
41250.00000,0.13397
41260.00000,0.13851
41270.00000,0.13851
41280.00000,0.13859
41290.00000,0.13851
41300.00000,0.13397
41310.00000,0.13397
41320.00000,0.13851
41330.00000,0.13397
41340.00000,0.13851
41350.00000,0.13851
41360.00000,0.13397
41370.00000,0.13397
41380.00000,0.13851
41390.00000,0.13859
41400.00000,0.13851
41410.00000,0.13851
41420.00000,0.14387
41430.00000,0.13851
41440.00000,0.13851
41450.00000,0.13851
41460.00000,0.13859
41470.00000,0.13851
41480.00000,0.13859
41490.00000,0.13851
41500.00000,0.13851
41510.00000,0.13851
41520.00000,0.13851
41530.00000,0.13851
41540.00000,0.13851
41550.00000,0.13851
41560.00000,0.13397
41570.00000,0.14380
41580.00000,0.13851
41590.00000,0.14380
41600.00000,0.13851
41610.00000,0.14380
41620.00000,0.13851
41630.00000,0.14380
41640.00000,0.13859
41650.00000,0.14380
41660.00000,0.13859
41670.00000,0.13851
41680.00000,0.14387
41690.00000,0.15174
41700.00000,0.14380
41710.00000,0.14380
41720.00000,0.14380
41730.00000,0.14380
41740.00000,0.14380
41750.00000,0.14380
41760.00000,0.14380
41770.00000,0.14380
41780.00000,0.14380
41790.00000,0.14380
41800.00000,0.14380
41810.00000,0.15174
41820.00000,0.14380
41830.00000,0.15174
41840.00000,0.15182
41850.00000,0.15174
41860.00000,0.15167
41870.00000,0.15167
41880.00000,0.15174
41890.00000,0.14380
41900.00000,0.15704
41910.00000,0.15174
41920.00000,0.15174
41930.00000,0.14380
41940.00000,0.15174
41950.00000,0.15704
41960.00000,0.15704
41970.00000,0.15174
41980.00000,0.15174
41990.00000,0.15704
42000.00000,0.15174
42010.00000,0.15704
42020.00000,0.15167
42030.00000,0.15174
42040.00000,0.16166
42050.00000,0.15704
42060.00000,0.15704
42070.00000,0.15719
42080.00000,0.15704
42090.00000,0.15711
42100.00000,0.15704
42110.00000,0.15167
42120.00000,0.15704
42130.00000,0.15704
42140.00000,0.15704
42150.00000,0.15174
42160.00000,0.15704
42170.00000,0.16166
42180.00000,0.15711
42190.00000,0.15704
42200.00000,0.15174
42210.00000,0.15174
42220.00000,0.15704
42230.00000,0.15174
42240.00000,0.15182
42250.00000,0.15704
42260.00000,0.15704
42270.00000,0.15704
42280.00000,0.16166
42290.00000,0.15704
42300.00000,0.15704
42310.00000,0.16166
42320.00000,0.16170
42330.00000,0.15704
42340.00000,0.15704
42350.00000,0.16166
42360.00000,0.15704
42370.00000,0.15704
42380.00000,0.15711
42390.00000,0.15704
42400.00000,0.15704
42410.00000,0.16166
42420.00000,0.15704
42430.00000,0.16166
42440.00000,0.15711
42450.00000,0.16166
42460.00000,0.15704
42470.00000,0.16166
42480.00000,0.15704
42490.00000,0.16166
42500.00000,0.16166
42510.00000,0.16799
42520.00000,0.16166
42530.00000,0.16166
42540.00000,0.16166
42550.00000,0.16799
42560.00000,0.16799
42570.00000,0.16166
42580.00000,0.16166
42590.00000,0.15704
42600.00000,0.15704
42610.00000,0.15704
42620.00000,0.15711
42630.00000,0.16799
42640.00000,0.16166
42650.00000,0.16166
42660.00000,0.16166
42670.00000,0.16170
42680.00000,0.16166
42690.00000,0.16799
42700.00000,0.16799
42710.00000,0.16799
42720.00000,0.16799
42730.00000,0.16805
42740.00000,0.16799
42750.00000,0.16799
42760.00000,0.17242
42770.00000,0.17242
42780.00000,0.16799
42790.00000,0.16799
42800.00000,0.16799
42810.00000,0.16166
42820.00000,0.16166
42830.00000,0.16166
42840.00000,0.16166
42850.00000,0.16799
42860.00000,0.16799
42870.00000,0.16799
42880.00000,0.16166
42890.00000,0.16166
42900.00000,0.16799
42910.00000,0.16799
42920.00000,0.16799
42930.00000,0.16805
42940.00000,0.16170
42950.00000,0.16799
42960.00000,0.17242
42970.00000,0.17242
