Time (seconds), abs_residuals
92270.0000000,0.0222744
92280.0000000,0.0162557
92290.0000000,0.0039332
92300.0000000,0.0079418
92310.0000000,0.0125361
92320.0000000,0.0031846
92330.0000000,0.0060437
92340.0000000,0.0025374
92350.0000000,0.0198247
92360.0000000,0.0395590
92370.0000000,0.0184400
92380.0000000,0.0282830
92390.0000000,0.0557338
92400.0000000,0.0116207
92410.0000000,0.0038055
92420.0000000,0.0105431
92430.0000000,0.0225365
92440.0000000,0.0537269
92450.0000000,0.0146983
92460.0000000,0.0317659
92470.0000000,0.0670882
92480.0000000,0.0404317
92490.0000000,0.0262511
92500.0000000,0.0323597
92510.0000000,0.0304195
92520.0000000,0.0177589
92530.0000000,0.0559355
92540.0000000,0.0382005
92550.0000000,0.0304785
92560.0000000,0.0228497
92570.0000000,0.0365765
92580.0000000,0.0077895
92590.0000000,0.0103421
92600.0000000,0.0584027
92610.0000000,0.0357909
92620.0000000,0.0520392
92630.0000000,0.0290557
92640.0000000,0.0347315
92650.0000000,0.0159936
92660.0000000,0.0376392
92670.0000000,0.0307766
92680.0000000,0.0355977
92690.0000000,0.0413896
92700.0000000,0.0048982
92710.0000000,0.0327797
92720.0000000,0.0026906
92730.0000000,0.0137193
92740.0000000,0.0067007
92750.0000000,0.0062304
92760.0000000,0.0402870
92770.0000000,0.0045517
92780.0000000,0.0114607
92790.0000000,0.0041242
92800.0000000,0.0226808
92810.0000000,0.0263702
92820.0000000,0.0631137
92830.0000000,0.0068602
92840.0000000,0.0367520
92850.0000000,0.0233222
92860.0000000,0.0414728
92870.0000000,0.0282340
92880.0000000,0.0138719
92890.0000000,0.0195257
92900.0000000,0.0277790
92910.0000000,0.0109016
92920.0000000,0.0239922
92930.0000000,0.0392507
92940.0000000,0.0059662
92950.0000000,0.0058861
92960.0000000,0.0166416
92970.0000000,0.0015496
92980.0000000,0.0278303
92990.0000000,0.0069957
93000.0000000,0.0287686
93010.0000000,0.0306385
93020.0000000,0.0291724
93030.0000000,0.0400596
93040.0000000,0.0321812
93050.0000000,0.0030007
93060.0000000,0.0325658
93070.0000000,0.0334253
93080.0000000,0.0152344
93090.0000000,0.0199019
93100.0000000,0.0033482
93110.0000000,0.0309083
93120.0000000,0.0363292
93130.0000000,0.0181986
93140.0000000,0.0319500
93150.0000000,0.0262454
93160.0000000,0.0087969
93170.0000000,0.0310182
93180.0000000,0.0053620
93190.0000000,0.0177248
93200.0000000,0.0017739
93210.0000000,0.0185980
93220.0000000,0.0374563
93230.0000000,0.0141319
93240.0000000,0.0003019
93250.0000000,0.0190436
93260.0000000,0.0133429
93270.0000000,0.0282866
93280.0000000,0.0106451
93290.0000000,0.0079345
93300.0000000,0.0019967
93310.0000000,0.0005197
93320.0000000,0.0208039
93330.0000000,0.0105198
93340.0000000,0.0229063
93350.0000000,0.0299261
93360.0000000,0.0063780
93370.0000000,0.0248376
93380.0000000,0.0074458
93390.0000000,0.0069693
93400.0000000,0.0042792
93410.0000000,0.0118955
93420.0000000,0.0016672
93430.0000000,0.0106750
93440.0000000,0.0341344
93450.0000000,0.0029226
93460.0000000,0.0185818
93470.0000000,0.0145789
93480.0000000,0.0100446
93490.0000000,0.0207189
93500.0000000,0.0025381
93510.0000000,0.0091785
93520.0000000,0.0186039
93530.0000000,0.0292759
93540.0000000,0.0139655
93550.0000000,0.0370807
93560.0000000,0.0191782
93570.0000000,0.0153984
93580.0000000,0.0280206
93590.0000000,0.0535851
93600.0000000,0.0271500
93610.0000000,0.0167158
93620.0000000,0.0234799
93630.0000000,0.0277174
93640.0000000,0.0188880
93650.0000000,0.0197583
93660.0000000,0.0103686
93670.0000000,0.0239210
93680.0000000,0.0413870
93690.0000000,0.0302154
93700.0000000,0.0294947
93710.0000000,0.0576615
93720.0000000,0.0118864
93730.0000000,0.0206464
93740.0000000,0.0499217
93750.0000000,0.0248398
93760.0000000,0.0205446
93770.0000000,0.0173712
93780.0000000,0.0250896
93790.0000000,0.0518810
93800.0000000,0.0316177
93810.0000000,0.0219288
93820.0000000,0.0220823
93830.0000000,0.0361034
93840.0000000,0.0156158
93850.0000000,0.0317001
93860.0000000,0.0382151
93870.0000000,0.0097981
93880.0000000,0.0221900
93890.0000000,0.0211524
93900.0000000,0.0465241
93910.0000000,0.0165237
93920.0000000,0.0224901
93930.0000000,0.0247988
93940.0000000,0.0092505
93950.0000000,0.0009494
93960.0000000,0.0260681
93970.0000000,0.0285698
93980.0000000,0.0000312
93990.0000000,0.0270338
94000.0000000,0.0119739
94010.0000000,0.0306087
94020.0000000,0.0181368
94030.0000000,0.0749370
94040.0000000,0.0509827
94050.0000000,0.0478555
94060.0000000,0.0478531
94070.0000000,0.0487827
94080.0000000,0.0244266
94090.0000000,0.0561289
94100.0000000,0.0042525
94110.0000000,0.0389061
94120.0000000,0.0197177
94130.0000000,0.0689096
94140.0000000,0.0332523
94150.0000000,0.0187581
94160.0000000,0.0499730
94170.0000000,0.0366591
94180.0000000,0.0280989
94190.0000000,0.0316731
94200.0000000,0.0834102
94210.0000000,0.0282951
94220.0000000,0.0456535
94230.0000000,0.0467758
94240.0000000,0.0089794
94250.0000000,0.0667484
94260.0000000,0.0642805
94270.0000000,0.0371976
94280.0000000,0.0484666
94290.0000000,0.0059803
94300.0000000,0.0154427
94310.0000000,0.0216687
94320.0000000,0.0110595
94330.0000000,0.0107372
94340.0000000,0.0377412
94350.0000000,0.0039903
94360.0000000,0.0180163
94370.0000000,0.0366804
94380.0000000,0.0264432
94390.0000000,0.0550615
94400.0000000,0.0301049
94410.0000000,0.0416203
94420.0000000,0.0347092
94430.0000000,0.0305589
94440.0000000,0.0465356
94450.0000000,0.0065026
94460.0000000,0.0071286
94470.0000000,0.0070270
94480.0000000,0.0204039
94490.0000000,0.0024293
94500.0000000,0.0035090
94510.0000000,0.0043934
94520.0000000,0.0156784
94530.0000000,0.0351114
94540.0000000,0.0001815
94550.0000000,0.0174355
94560.0000000,0.0117469
94570.0000000,0.0076674
94580.0000000,0.0315803
94590.0000000,0.0187453
94600.0000000,0.0090597
94610.0000000,0.0340156
94620.0000000,0.0094229
94630.0000000,0.0056423
94640.0000000,0.0187115
94650.0000000,0.0330923
94660.0000000,0.0145000
94670.0000000,0.0069845
94680.0000000,0.0044528
94690.0000000,0.0028135
94700.0000000,0.0076044
94710.0000000,0.0320045
94720.0000000,0.0144585
94730.0000000,0.0212770
94740.0000000,0.0131367
94750.0000000,0.0079502
94760.0000000,0.0173838
94770.0000000,0.0385120
94780.0000000,0.0123547
94790.0000000,0.0189726
94800.0000000,0.0033459
94810.0000000,0.0186855
94820.0000000,0.0167889
94830.0000000,0.0141480
94840.0000000,0.0344990
94850.0000000,0.0409818
94860.0000000,0.0085291
94870.0000000,0.0193145
94880.0000000,0.0129994
94890.0000000,0.0120102
94900.0000000,0.0036448
94910.0000000,0.0031507
94920.0000000,0.0273452
94930.0000000,0.0219400
94940.0000000,0.0178064
94950.0000000,0.0172744
94960.0000000,0.0063896
94970.0000000,0.0197077
94980.0000000,0.0040583
94990.0000000,0.0478513
95000.0000000,0.0148232
95010.0000000,0.0084321
95020.0000000,0.0154073
95030.0000000,0.0019911
95040.0000000,0.0021352
95050.0000000,0.0020905
95060.0000000,0.0023623
95070.0000000,0.0115811
95080.0000000,0.0022403
95090.0000000,0.0210619
95100.0000000,0.0527103
95110.0000000,0.0192330
95120.0000000,0.0098414
95130.0000000,0.0291809
95140.0000000,0.0291632
95150.0000000,0.0241209
95160.0000000,0.0191573
95170.0000000,0.0043335
95180.0000000,0.0236540
95190.0000000,0.0047402
95200.0000000,0.0380559
95210.0000000,0.0460862
95220.0000000,0.0220578
95230.0000000,0.0489592
95240.0000000,0.0293543
95250.0000000,0.0172579
95260.0000000,0.0151720
95270.0000000,0.0023817
95280.0000000,0.0261843
95290.0000000,0.0502064
95300.0000000,0.0041375
95310.0000000,0.0165781
95320.0000000,0.0006479
95330.0000000,0.0219439
95340.0000000,0.0040779
95350.0000000,0.0075703
95360.0000000,0.0203978
95370.0000000,0.0076004
95380.0000000,0.0317055
95390.0000000,0.0026135
95400.0000000,0.0022950
95410.0000000,0.0012597
95420.0000000,0.0103667
95430.0000000,0.0200249
95440.0000000,0.0445066
95450.0000000,0.0000944
95460.0000000,0.0245554
95470.0000000,0.0144917
95480.0000000,0.0195325
95490.0000000,0.0294647
95500.0000000,0.0246827
95510.0000000,0.0400625
95520.0000000,0.0060314
95530.0000000,0.0029459
95540.0000000,0.0131850
95550.0000000,0.0142018
95560.0000000,0.0114105
95570.0000000,0.0069300
95580.0000000,0.0174906
95590.0000000,0.0303040
95600.0000000,0.0025222
95610.0000000,0.0017699
95620.0000000,0.0021875
95630.0000000,0.0174458
95640.0000000,0.0190035
95650.0000000,0.0352597
95660.0000000,0.0113356
95670.0000000,0.0174862
95680.0000000,0.0225520
95690.0000000,0.0296549
95700.0000000,0.0061820
95710.0000000,0.0158758
95720.0000000,0.0040052
95730.0000000,0.0036704
95740.0000000,0.0011185
95750.0000000,0.0000752
95760.0000000,0.0147354
95770.0000000,0.0049116
95780.0000000,0.0144580
95790.0000000,0.0191298
95800.0000000,0.0053898
95810.0000000,0.0087412
95820.0000000,0.0060265
95830.0000000,0.0045958
95840.0000000,0.0040341
95850.0000000,0.0103758
95860.0000000,0.0051407
95870.0000000,0.0047244
95880.0000000,0.0291350
95890.0000000,0.0001869
95900.0000000,0.0148888
95910.0000000,0.0101437
95920.0000000,0.0000099
95930.0000000,0.0087056
95940.0000000,0.0051238
95950.0000000,0.0238142
95960.0000000,0.0003193
95970.0000000,0.0092785
95980.0000000,0.0372833
95990.0000000,0.0256984
96000.0000000,0.0306578
96010.0000000,0.0075445
96020.0000000,0.0053798
96030.0000000,0.0287519
96040.0000000,0.0372195
96050.0000000,0.0152858
96060.0000000,0.0193890
96070.0000000,0.0131227
96080.0000000,0.0033016
96090.0000000,0.0094641
96100.0000000,0.0006482
96110.0000000,0.0156934
96120.0000000,0.0121715
96130.0000000,0.0213321
96140.0000000,0.0114851
96150.0000000,0.0072474
96160.0000000,0.0029865
96170.0000000,0.0072419
96180.0000000,0.0522786
96190.0000000,0.0287815
96200.0000000,0.0125066
96210.0000000,0.0122385
96220.0000000,0.0439250
96230.0000000,0.0196219
96240.0000000,0.0264714
96250.0000000,0.0265727
96260.0000000,0.0413481
96270.0000000,0.0076223
96280.0000000,0.0429716
96290.0000000,0.0608993
96300.0000000,0.0515869
96310.0000000,0.0222172
96320.0000000,0.0226524
96330.0000000,0.0037448
96340.0000000,0.0273976
96350.0000000,0.0319772
96360.0000000,0.0143742
96370.0000000,0.0455706
96380.0000000,0.0399428
96390.0000000,0.0098987
96400.0000000,0.0101491
96410.0000000,0.0193662
96420.0000000,0.0217431
96430.0000000,0.0101778
96440.0000000,0.0295315
96450.0000000,0.0452006