Time (seconds),pred_0
2240.00000,0.61391
2250.00000,0.64914
2260.00000,0.60554
2270.00000,0.65399
2280.00000,0.61895
2290.00000,0.65043
2300.00000,0.66182
2310.00000,0.65272
2320.00000,0.65396
2330.00000,0.66371
2340.00000,0.66447
2350.00000,0.67158
2360.00000,0.67074
2370.00000,0.68294
2380.00000,0.67560
2390.00000,0.68086
2400.00000,0.68864
2410.00000,0.68874
2420.00000,0.69526
2430.00000,0.70406
2440.00000,0.70691
2450.00000,0.70487
2460.00000,0.71414
2470.00000,0.71795
2480.00000,0.70557
2490.00000,0.72256
2500.00000,0.71644
2510.00000,0.72045
