Time (seconds),pred_0
123530.00000,0.57605
123540.00000,0.58939
123550.00000,0.58131
123560.00000,0.63780
123570.00000,0.63286
123580.00000,0.64209
123590.00000,0.65228
123600.00000,0.64917
123610.00000,0.66351
123620.00000,0.67696
123630.00000,0.68567
123640.00000,0.71000
123650.00000,0.69715
123660.00000,0.70177
123670.00000,0.72238
123680.00000,0.67563
123690.00000,0.73260
123700.00000,0.72803
123710.00000,0.69312
123720.00000,0.68909
123730.00000,0.71489
123740.00000,0.68509
123750.00000,0.70458
123760.00000,0.70408
123770.00000,0.72215
123780.00000,0.73258
123790.00000,0.72046
123800.00000,0.70652
123810.00000,0.72977
123820.00000,0.70364
123830.00000,0.70407
123840.00000,0.71127
123850.00000,0.70570
123860.00000,0.70426
123870.00000,0.70043
123880.00000,0.74585
123890.00000,0.71640
123900.00000,0.74326
123910.00000,0.73287
123920.00000,0.73404
123930.00000,0.74826
123940.00000,0.69540
123950.00000,0.74333
123960.00000,0.71155
123970.00000,0.72333
123980.00000,0.71785
123990.00000,0.73764
124000.00000,0.73881
124010.00000,0.76021
124020.00000,0.72663
124030.00000,0.73000
124040.00000,0.73071
124050.00000,0.72987
124060.00000,0.72160
124070.00000,0.74282
124080.00000,0.72326
124090.00000,0.71969
124100.00000,0.72212
124110.00000,0.75638
124120.00000,0.75221
124130.00000,0.75479
124140.00000,0.74467
124150.00000,0.72170
124160.00000,0.75466
124170.00000,0.75893
124180.00000,0.74296
124190.00000,0.75710
124200.00000,0.74018
124210.00000,0.76335
124220.00000,0.72126
124230.00000,0.74796
124240.00000,0.72957
124250.00000,0.77056
124260.00000,0.73202
124270.00000,0.72380
124280.00000,0.76749
124290.00000,0.75197
124300.00000,0.73602
124310.00000,0.73551
124320.00000,0.74985
124330.00000,0.77305
124340.00000,0.74719
124350.00000,0.75618
124360.00000,0.74245
124370.00000,0.74281
124380.00000,0.74193
124390.00000,0.74953
124400.00000,0.77325
124410.00000,0.74932
124420.00000,0.75241
124430.00000,0.78236
124440.00000,0.74464
124450.00000,0.75466
124460.00000,0.76380
124470.00000,0.77252
124480.00000,0.78146
124490.00000,0.74548
124500.00000,0.77930
124510.00000,0.77452
124520.00000,0.75727
124530.00000,0.75171
124540.00000,0.75397
124550.00000,0.77938
124560.00000,0.77155
124570.00000,0.76379
124580.00000,0.75055
124590.00000,0.68797
124600.00000,0.68341
124610.00000,0.68431
124620.00000,0.67647
124630.00000,0.67618
124640.00000,0.66746
124650.00000,0.67731
124660.00000,0.65742
124670.00000,0.65923
124680.00000,0.65753
124690.00000,0.65325
124700.00000,0.65253
124710.00000,0.65228
124720.00000,0.65658
124730.00000,0.64726
124740.00000,0.65334
124750.00000,0.65255
124760.00000,0.64701
124770.00000,0.64898
124780.00000,0.65284
124790.00000,0.64683
124800.00000,0.64835
124810.00000,0.64805
124820.00000,0.63806
124830.00000,0.64765
124840.00000,0.64790
124850.00000,0.63859
124860.00000,0.64702
124870.00000,0.64810
124880.00000,0.64029
124890.00000,0.64757
124900.00000,0.64080
124910.00000,0.64065
124920.00000,0.63968
124930.00000,0.64752
124940.00000,0.64105
124950.00000,0.63914
124960.00000,0.63964
124970.00000,0.64840
124980.00000,0.63926
124990.00000,0.63868
125000.00000,0.64076
125010.00000,0.64798
125020.00000,0.63926
125030.00000,0.64044
125040.00000,0.64766
125050.00000,0.63911
125060.00000,0.64924
125070.00000,0.64035
125080.00000,0.64656
125090.00000,0.63887
125100.00000,0.64866
125110.00000,0.63839
125120.00000,0.63433
125130.00000,0.63891
125140.00000,0.64767
125150.00000,0.64767
125160.00000,0.64703
125170.00000,0.64848
125180.00000,0.64845
125190.00000,0.64024
125200.00000,0.64676
125210.00000,0.63548
125220.00000,0.63931
125230.00000,0.64650
125240.00000,0.65373
125250.00000,0.64789
125260.00000,0.63873
125270.00000,0.64625
125280.00000,0.63877
125290.00000,0.64743
125300.00000,0.64853
125310.00000,0.64043
125320.00000,0.65372
125330.00000,0.64837
125340.00000,0.64072
125350.00000,0.64699
125360.00000,0.63985
125370.00000,0.64765
125380.00000,0.63906
125390.00000,0.64840
125400.00000,0.65303
125410.00000,0.64709
125420.00000,0.64709
125430.00000,0.64721
125440.00000,0.64863
125450.00000,0.65412
125460.00000,0.64882
125470.00000,0.65384
125480.00000,0.65322
125490.00000,0.67394
125500.00000,0.67315
125510.00000,0.68049
125520.00000,0.68427
125530.00000,0.67979
125540.00000,0.68083
125550.00000,0.68097
125560.00000,0.68307
125570.00000,0.67486
125580.00000,0.68669
125590.00000,0.68023
125600.00000,0.69060
125610.00000,0.67955
125620.00000,0.68632
125630.00000,0.68042
125640.00000,0.68572
125650.00000,0.68626
125660.00000,0.68637
125670.00000,0.68436
125680.00000,0.67995
125690.00000,0.69181
125700.00000,0.69352
125710.00000,0.69208
125720.00000,0.69317
125730.00000,0.69235
125740.00000,0.68658
125750.00000,0.68438
125760.00000,0.69254
125770.00000,0.69456
125780.00000,0.69919
125790.00000,0.69746
125800.00000,0.69773
125810.00000,0.69358
125820.00000,0.69321
125830.00000,0.69201
125840.00000,0.69995
125850.00000,0.69274
125860.00000,0.69506
125870.00000,0.69396
125880.00000,0.69672
125890.00000,0.69793
125900.00000,0.69362
125910.00000,0.69384
125920.00000,0.69942
125930.00000,0.69964
125940.00000,0.69919
125950.00000,0.70473
125960.00000,0.70317
125970.00000,0.69235
125980.00000,0.69911
125990.00000,0.69869
126000.00000,0.70021
126010.00000,0.69767
126020.00000,0.70211
126030.00000,0.69757
126040.00000,0.69912
126050.00000,0.69946
126060.00000,0.69889
126070.00000,0.70609
126080.00000,0.70019
126090.00000,0.70531
126100.00000,0.69693
126110.00000,0.69195
126120.00000,0.70311
126130.00000,0.70446
126140.00000,0.70485
126150.00000,0.70519
126160.00000,0.69919
126170.00000,0.69997
126180.00000,0.70402
126190.00000,0.69817
126200.00000,0.70310
126210.00000,0.70431
126220.00000,0.69945
126230.00000,0.70498
126240.00000,0.69751
126250.00000,0.71086
126260.00000,0.70572
126270.00000,0.70446
126280.00000,0.70338
126290.00000,0.70262
126300.00000,0.70506
126310.00000,0.70518
126320.00000,0.70216
126330.00000,0.69884
126340.00000,0.71383
126350.00000,0.70365
126360.00000,0.71065
126370.00000,0.70391
126380.00000,0.71318
126390.00000,0.70015
126400.00000,0.62875
126410.00000,0.61880
126420.00000,0.61130
126430.00000,0.61078
126440.00000,0.60585
126450.00000,0.60630
126460.00000,0.60128
126470.00000,0.60605
126480.00000,0.59356
126490.00000,0.59381
126500.00000,0.58904
126510.00000,0.58881
126520.00000,0.59387
126530.00000,0.58897
126540.00000,0.58870
126550.00000,0.58886
126560.00000,0.58851
126570.00000,0.58915
126580.00000,0.58436
126590.00000,0.58913
126600.00000,0.58904
126610.00000,0.58402
126620.00000,0.58427
126630.00000,0.57656
126640.00000,0.57677
126650.00000,0.57675
126660.00000,0.57673
126670.00000,0.58386
126680.00000,0.58440
126690.00000,0.58365
126700.00000,0.58374
126710.00000,0.57677
126720.00000,0.57200
126730.00000,0.57686
126740.00000,0.57619
126750.00000,0.58445
126760.00000,0.58397
126770.00000,0.57682
126780.00000,0.57611
126790.00000,0.57689
126800.00000,0.58436
126810.00000,0.57672
126820.00000,0.57204
126830.00000,0.57216
126840.00000,0.57187
126850.00000,0.57677
126860.00000,0.56480
126870.00000,0.57173
126880.00000,0.57638
126890.00000,0.57143
126900.00000,0.57204
126910.00000,0.57141
126920.00000,0.57673
126930.00000,0.57688
126940.00000,0.57207
126950.00000,0.57173
126960.00000,0.57144
126970.00000,0.57693
126980.00000,0.57164
126990.00000,0.57197
127000.00000,0.57152
127010.00000,0.57179
127020.00000,0.56473
127030.00000,0.57164
127040.00000,0.57223
127050.00000,0.57627
127060.00000,0.57191
127070.00000,0.56450
127080.00000,0.57161
127090.00000,0.57180
127100.00000,0.57184
127110.00000,0.57198
127120.00000,0.57152
127130.00000,0.57664
127140.00000,0.57670
127150.00000,0.57179
127160.00000,0.57666
127170.00000,0.57170
127180.00000,0.57175
127190.00000,0.57179
127200.00000,0.57162
127210.00000,0.57191
127220.00000,0.57177
127230.00000,0.57656
127240.00000,0.57138
127250.00000,0.56441
127260.00000,0.57148
127270.00000,0.57179
127280.00000,0.56462
127290.00000,0.57168
127300.00000,0.70923
127310.00000,0.72628
127320.00000,0.73554
127330.00000,0.74051
127340.00000,0.76340
127350.00000,0.77626
127360.00000,0.78404
127370.00000,0.78481
127380.00000,0.78851
127390.00000,0.80390
127400.00000,0.78627
127410.00000,0.80278
127420.00000,0.81236
127430.00000,0.81048
127440.00000,0.82049
127450.00000,0.81521
127460.00000,0.82060
127470.00000,0.82340
127480.00000,0.83315
127490.00000,0.83317
127500.00000,0.84005
127510.00000,0.82782
127520.00000,0.83670
127530.00000,0.83125
127540.00000,0.84204
127550.00000,0.84900
127560.00000,0.85614
127570.00000,0.85508
127580.00000,0.84928
127590.00000,0.84713
127600.00000,0.85413
127610.00000,0.84814
127620.00000,0.85581
127630.00000,0.84424
127640.00000,0.85658
127650.00000,0.85950
127660.00000,0.85958
127670.00000,0.85798
127680.00000,0.86262
127690.00000,0.85734
127700.00000,0.85514
127710.00000,0.86251
127720.00000,0.85906
127730.00000,0.85850
127740.00000,0.86832
127750.00000,0.87216
127760.00000,0.87548
127770.00000,0.86190
127780.00000,0.87228
127790.00000,0.86860
127800.00000,0.87196
127810.00000,0.86589
127820.00000,0.86559
127830.00000,0.87432
127840.00000,0.87421
127850.00000,0.87270
127860.00000,0.87482
127870.00000,0.87677
127880.00000,0.87552
127890.00000,0.87314
127900.00000,0.88544
127910.00000,0.88444
127920.00000,0.86792
127930.00000,0.88110
127940.00000,0.87231
127950.00000,0.87693
127960.00000,0.88112
127970.00000,0.88268
127980.00000,0.87512
127990.00000,0.88801
128000.00000,0.89656
128010.00000,0.88912
128020.00000,0.88459
128030.00000,0.88584
128040.00000,0.88077
128050.00000,0.89096
128060.00000,0.89291
128070.00000,0.88978
128080.00000,0.88730
128090.00000,0.88662
128100.00000,0.88424
128110.00000,0.88619
128120.00000,0.89961
128130.00000,0.88464
128140.00000,0.90395
128150.00000,0.89454
128160.00000,0.89931
128170.00000,0.89195
128180.00000,0.90137
128190.00000,0.86858
128200.00000,0.82120
128210.00000,0.70985
128220.00000,0.68374
128230.00000,0.67794
128240.00000,0.66343
128250.00000,0.64892
128260.00000,0.64892
128270.00000,0.64312
128280.00000,0.64312
128290.00000,0.63442
128300.00000,0.62281
128310.00000,0.62281
128320.00000,0.62281
128330.00000,0.61411
128340.00000,0.60830
128350.00000,0.60252
128360.00000,0.60252
128370.00000,0.60252
128380.00000,0.60252
128390.00000,0.59391
128400.00000,0.59391
128410.00000,0.58817
128420.00000,0.60252
128430.00000,0.58817
128440.00000,0.58817
128450.00000,0.58817
128460.00000,0.58242
128470.00000,0.57381
128480.00000,0.58242
128490.00000,0.57381
128500.00000,0.56807
128510.00000,0.56807
128520.00000,0.57381
128530.00000,0.57381
128540.00000,0.56233
128550.00000,0.56233
128560.00000,0.56233
128570.00000,0.55372
128580.00000,0.56233
128590.00000,0.56233
128600.00000,0.56233
128610.00000,0.55372
128620.00000,0.55372
128630.00000,0.55372
128640.00000,0.54798
128650.00000,0.54224
128660.00000,0.54798
128670.00000,0.54224
128680.00000,0.53383
128690.00000,0.54224
128700.00000,0.53383
128710.00000,0.54224
128720.00000,0.52833
128730.00000,0.52827
128740.00000,0.52833
128750.00000,0.51460
128760.00000,0.52284
128770.00000,0.52284
128780.00000,0.52284
128790.00000,0.51460
128800.00000,0.52284
128810.00000,0.51460
128820.00000,0.50911
128830.00000,0.50911
128840.00000,0.50911
128850.00000,0.50911
128860.00000,0.51460
128870.00000,0.50087
128880.00000,0.50911
128890.00000,0.50087
